-0.631417	-0.711483	0.308391
0.282543	-0.946819	-0.15396
0.461299	-0.879455	0.11731
-0.602155	-0.369211	-0.707878
0.177267	0.312973	-0.933073
-0.703398	-0.271757	-0.656795
0.239012	-0.970653	0.0265765
0.723442	-0.302109	0.620776
0.226052	-0.921479	0.315876
0.568909	-0.763969	-0.304457
-0.433644	0.489484	0.756544
-0.205206	-0.861083	-0.465217
-0.498389	0.295362	0.815089
0.00342767	-0.977964	-0.208745
0.424917	-0.382471	0.820464
-0.160377	-0.914388	0.371717
0.763289	0.0430298	-0.644623
0.319509	0.94663	-0.0424859
0.520609	0.740477	-0.425042
0.475655	-0.426606	0.769259
-0.175866	0.962791	-0.205196
-0.521221	-0.634569	0.570657
-0.799707	0.445702	0.402266
0.283542	-0.842736	0.457603
-0.961712	0.171309	-0.213922
-0.0980046	0.976108	0.193931
-0.747584	-0.65149	0.129146
0.489861	0.780694	-0.388013
-0.268208	0.899292	0.345455
0.314102	0.757635	0.572127
-0.784332	0.457181	-0.419295
0.402666	-0.883217	0.24039
0.161505	-0.737724	-0.6555
-0.492266	0.0580117	0.86851
-0.507503	0.86159	-0.0101111
0.859703	0.443643	-0.253165
-0.773095	0.614181	-0.158445
0.0186565	0.404211	-0.914476
-0.636367	-0.750306	0.1791
0.966556	0.229979	0.113487
-0.877038	0.405558	0.257542
0.0585229	0.285148	-0.956695
-0.0442965	-0.628633	0.776439
-0.440886	-0.852291	0.281459
-0.444311	-0.612631	0.653659
0.970005	0.140025	0.198703
0.164597	-0.600921	-0.782178
-0.914215	-0.109268	-0.390221
0.157951	0.419994	0.893676
0.486056	0.780614	-0.392926
-0.647692	0.484701	-0.587843
-0.469512	0.73301	0.492194
0.786673	0.513365	0.342932
0.60535	0.784711	0.133345
-0.132991	-0.495825	-0.858179
-0.982327	0.0965323	-0.160359
-0.607481	-0.488211	0.626591
0.502016	0.845668	-0.181179
0.539747	-0.64642	-0.539272
0.0569769	0.390168	0.918979
0.168115	-0.489104	-0.85587
-0.306203	-0.803939	-0.509825
0.634297	-0.388941	0.668126
-0.868528	0.412846	-0.274257
-0.330521	-0.88436	0.329642
0.0911333	0.956721	-0.276368
0.408251	-0.543241	0.733635
-0.189484	-0.972255	0.137173
-0.291455	-0.89232	0.344702
0.80144	0.59784	0.016777
0.0660254	-0.1734	-0.982636
-0.230164	0.866678	-0.4426
-0.297099	-0.749698	0.591342
0.0255767	-0.044311	0.99869
0.416766	-0.299663	0.858201
-0.497874	0.424964	-0.755994
-0.88035	0.466164	0.0876056
0.806074	-0.29443	0.513377
0.0743166	-0.989307	0.125492
-0.386039	-0.793738	-0.470057
0.19995	0.836273	-0.510556
-0.857595	-0.506484	0.0894724
0.393491	-0.320115	-0.861795
-0.0903945	-0.341453	-0.935542
-0.382682	0.301147	0.873421
-0.0984531	0.753205	0.650376
-0.834135	0.527088	0.16247
-0.351789	-0.910322	-0.218078
-0.714317	0.397338	-0.576084
0.0681438	0.996608	-0.0461311
0.464388	-0.820891	-0.332388
0.794629	-0.58711	0.154489
-0.848833	-0.0921363	0.520571
0.316972	-0.782848	-0.535423
0.246749	-0.926555	-0.283919
0.969369	0.243474	0.0323145
-0.00952137	0.653504	-0.756863
0.0448956	0.0279461	-0.998601
-0.236782	0.519934	-0.820733
0.820737	0.206469	0.532692
-0.104959	0.986841	-0.123
0.873398	-0.319831	-0.367266
-0.0539801	-0.178738	0.982415
0.224646	0.793735	-0.565259
0.47805	0.60206	-0.639525
-0.894919	-0.238637	0.377057
-0.996313	-0.0750189	0.0416245
0.194177	0.175469	-0.965146
-0.671126	0.328869	-0.664405
-0.731628	0.391266	0.558239
-0.0577	0.800878	-0.596042
-0.808561	0.0981459	0.580169
0.93469	0.219794	0.279364
-0.774901	-0.571213	-0.270637
-0.647822	0.494718	-0.579294
0.831627	-0.527171	0.174609
-0.402607	-0.900197	-0.165993
0.107172	0.390953	-0.91415
-0.866584	-0.298414	0.399976
-0.525815	0.186766	0.829842
-0.866504	0.27343	-0.41762
-0.611989	-0.48788	-0.622449
-0.818881	-0.0998159	-0.565217
0.646651	-0.216649	-0.731373
0.800506	-0.595615	-0.0665751
-0.814049	-0.53546	-0.224958
0.617098	-0.689479	0.379223
0.636217	0.377388	0.672909
0.446527	-0.477297	-0.756836
-0.30639	-0.942889	0.130713
0.0226903	-0.869553	0.493319
-0.353611	-0.932018	0.0793817
0.324753	-0.917602	0.22922
-0.360572	-0.495763	-0.790067
0.410291	-0.879356	0.241647
-0.0562419	-0.994419	-0.0892661
-0.341371	-0.0781602	-0.936673
0.391632	-0.915436	-0.0927483
-0.795629	0.565028	0.218443
-0.515898	0.492424	0.700977
0.963858	-0.100735	0.246638
0.555989	-0.180428	-0.81137
0.959627	0.276924	0.0492951
-0.277294	-0.719329	0.636926
0.540579	0.422115	0.727732
0.589094	-0.807795	-0.0208896
0.859928	0.493724	-0.12946
0.194709	0.91096	0.363649
0.618688	0.767762	0.166633
-0.161519	0.592914	0.788901
0.842099	0.502675	-0.195416
-0.142323	-0.488313	-0.860985
0.671192	0.654538	0.347967
0.539717	0.841798	0.00907114
0.882806	0.0332401	0.46856
0.746385	0.295427	0.596349
0.838112	0.311677	-0.447689
0.0302625	-0.999482	-0.010954
0.920757	-0.0361396	0.388458
-0.26151	-0.953438	-0.150229
0.551278	-0.197363	-0.810642
0.820924	0.171984	-0.544522
0.943974	0.285083	0.166255
0.648453	-0.120705	0.751624
0.41034	0.862786	-0.295333
0.863151	-0.502695	-0.0476284
0.453011	-0.227818	0.861905
-0.623047	-0.261994	-0.737002
0.680433	-0.337714	-0.650354
-0.678454	0.610603	-0.40849
-0.121664	-0.941355	0.314719
-0.501604	0.281855	-0.817894
-0.253841	-0.380898	-0.88909
0.353259	0.934524	0.0432793
0.354318	-0.0814597	-0.93157
0.184024	0.878521	0.440836
0.327285	-0.164258	-0.930539
-0.555421	-0.638626	-0.532602
-0.587071	-0.485019	-0.648154
0.726516	-0.648268	-0.227865
0.283735	0.956278	-0.0709031
-0.191623	0.210807	0.958562
0.766543	0.326254	-0.553146
0.581217	0.798413	0.157233
0.693007	-0.22086	0.686267
0.370719	0.711631	-0.596782
-0.126366	0.987644	0.092686
0.737445	-0.537392	0.409127
-0.0586222	0.927666	-0.368782
-0.80558	-0.586965	0.0807057
0.870758	-0.0522504	0.488928
0.276585	-0.773208	-0.570657
-0.888001	-0.176139	0.424769
0.3331	-0.935499	-0.117838
0.12131	0.687779	-0.715712
-0.42551	0.252067	0.86914
-0.332438	-0.0266656	-0.942748
0.714675	0.235702	0.658547
-0.837622	0.480546	-0.259741
-0.0894241	0.259224	0.961668
0.103381	-0.332831	0.937302
-0.821838	0.236888	-0.518137
-0.97224	-0.168252	0.162609
0.0405615	0.0577173	0.997509
0.623836	0.594242	0.507647
-0.835402	-0.459618	-0.30142
-0.330377	0.869798	-0.366473
-0.884575	-0.000356952	-0.466399
-0.852248	0.362985	-0.376718
-0.539135	0.609896	0.580828
0.458618	-0.787785	0.411174
-0.312839	0.368087	-0.875582
0.2926	-0.880048	-0.374034
0.508683	0.530421	0.678155
0.912035	0.404631	-0.0668238
0.0204093	0.93426	-0.356008
0.702434	-0.366691	0.610021
-0.821774	0.2256	0.523252
0.836449	0.354636	-0.417834
-0.222879	-0.607276	-0.762589
0.926131	0.143198	-0.348965
-0.423519	-0.124421	-0.897302
-0.4067	-0.232587	-0.883458
-0.816036	-0.383989	0.432016
0.687279	-0.0508195	0.724613
-0.931424	-0.354768	0.0811725
-0.0220027	-0.609054	0.792824
-0.173049	-0.974309	-0.14414
0.151872	0.777148	0.610717
-0.673478	-0.668972	-0.314491
-0.893473	0.174963	-0.413636
0.328868	0.855258	0.400474
0.374517	-0.793577	-0.479555
0.402427	0.583148	-0.705685
-0.194492	-0.930108	0.311563
0.9537	0.0829138	-0.289106
-0.172842	0.0299668	0.984494
0.0361346	0.513185	0.857517
0.536642	0.672455	-0.509725
-0.926791	0.0936418	-0.363716
-0.447977	0.702021	0.553609
-0.633857	0.60245	-0.485056
-0.782287	-0.123831	-0.610486
0.182884	0.842759	-0.506271
-0.286608	0.491189	0.82255
0.612642	0.187267	0.767855
-0.806579	0.498133	-0.318267
-0.302082	-0.495871	0.814161
0.298459	-0.162453	0.940495
-0.0233003	-0.612078	0.790454
-0.0703705	0.893015	-0.444492
0.721919	0.667097	0.183885
0.552084	0.549412	0.627176
-0.0579447	-0.392096	-0.918098
0.22084	-0.286845	-0.932175
0.918932	-0.0481147	-0.391471
-0.836454	0.242872	-0.491281
0.461206	-0.356634	-0.812466
-0.00469792	-0.613449	-0.78972
-0.576777	0.80061	-0.162331
0.337122	0.0289769	0.941015
0.964497	0.23742	-0.115664
0.617277	0.705203	0.348795
0.241884	-0.928669	-0.281187
0.457779	-0.519844	-0.721249
-0.332191	-0.933642	0.134018
-0.989234	-0.14507	0.0192828
0.0469779	-0.837764	0.544007
0.944227	0.326009	-0.0464057
-0.597269	-0.757204	-0.26441
-0.479881	0.195402	-0.855297
-0.411436	0.086806	0.907296
-0.620249	-0.340031	-0.706874
0.657933	0.143377	-0.739302
0.622817	0.782329	0.00770661
-0.0751	-0.801513	-0.593243
0.188285	0.261172	-0.946751
0.44923	0.874779	0.181532
-0.189287	-0.155887	0.969469
-0.654299	-0.748363	-0.108837
0.543712	0.36385	-0.7563
0.857346	-0.343892	-0.38301
0.756711	-0.353811	-0.549733
-0.758841	-0.220535	-0.612801
-0.53484	0.400876	-0.743804
-0.666163	0.650528	-0.364747
-0.220284	-0.376169	0.899985
0.685261	-0.625082	0.373752
-0.329126	-0.859932	0.39012
-0.860036	-0.0731998	-0.504956
-0.680289	-0.72605	0.100291
0.424903	0.592626	-0.68429
0.0406131	0.337199	0.940557
0.570842	-0.585731	0.575377
-0.76765	-0.640864	0.00257918
0.88773	-0.450543	0.0945868
-0.725623	-0.399373	-0.560333
0.487692	0.478192	-0.730404
-0.775117	0.20247	0.598498
-0.152903	0.759627	0.63213
0.329853	-0.00784806	0.944
-0.254939	0.342615	-0.904224
0.9394	-0.328067	-0.0994948
-0.770102	0.586219	-0.251577
-0.255398	-0.40742	0.876802
-0.502137	0.00497121	0.864774
0.610389	0.548113	-0.571837
0.587255	0.674286	-0.447738
0.728429	-0.596966	-0.336189
-0.0554976	0.319462	0.945972
0.219304	0.469927	0.855029
-0.652193	0.617477	0.439734
0.997448	-0.06461	-0.0303962
-0.0789498	0.21298	-0.973862
-0.903715	0.297882	0.307515
-0.232337	0.24716	0.940708
-0.0654582	-0.997633	0.0210765
-0.877712	0.340813	0.33685
0.80902	0.538449	-0.235709
0.801074	0.45383	-0.390281
-0.408394	0.909959	-0.0720409
0.488659	0.295866	0.820777
-0.597655	0.801352	-0.0253754
0.124833	0.838492	0.530422
0.379093	0.803016	-0.459841
0.867228	-0.160833	-0.47122
-0.374838	-0.89578	0.238904
0.115645	-0.0316551	-0.992786
0.581231	0.00428027	0.813728
0.875581	-0.0815458	-0.47614
-0.311005	-0.538478	0.783146
-0.666841	0.603327	-0.437401
0.50164	0.461011	-0.732002
-0.628179	0.649907	-0.427799
0.940349	0.311526	0.136732
-0.00718561	0.998941	-0.0454512
-0.182463	-0.678944	-0.711155
-0.581104	-0.779165	-0.23499
-0.205323	-0.960648	-0.187077
-0.226874	0.202673	0.952603
0.942877	-0.12984	0.306798
0.872116	-0.0480654	0.486932
-0.542519	-0.134476	0.82921
-0.0285897	-0.707838	0.705796
-0.10125	0.638719	0.762749
-0.708364	-0.555772	-0.435129
0.111589	0.418277	-0.901439
0.501852	-0.0170317	-0.864786
0.453135	0.561719	0.6922
0.0592793	0.381947	-0.922281
0.353225	0.83792	-0.416079
0.86595	-0.387203	0.316552
-0.839814	-0.020081	-0.542502
0.809489	-0.501956	-0.304578
-0.353194	-0.934475	0.0448417
-0.576906	0.768752	-0.276042
-0.242523	0.764807	-0.596869
0.76441	0.62712	-0.149659
-0.261575	-0.893068	-0.366071
0.213713	-0.655376	-0.724437
-0.939	-0.250153	0.236012
-0.57423	-0.179585	-0.798755
-0.858561	-0.0730861	0.507476
-0.709426	0.624691	-0.326306
0.554408	0.264053	-0.789245
0.921308	0.300844	-0.246343
-0.322626	-0.943215	0.079109
-0.982498	0.0240354	0.184714
0.844856	0.338035	0.414669
-0.871732	0.31517	0.375167
0.375654	-0.919448	0.116185
-0.440933	0.449625	0.776799
0.944974	0.117479	-0.305325
-0.198873	-0.211514	-0.956928
0.656048	0.746587	0.110495
0.163175	-0.837866	-0.520916
0.235992	0.951557	0.197098
-0.640447	0.766316	-0.0508681
-0.208278	0.606067	-0.767661
0.968197	0.243393	-0.0579165
0.205833	-0.978417	-0.018235
-0.713895	-0.616663	0.331785
-0.476099	-0.737845	-0.47845
-0.186333	0.884185	-0.428366
-0.838702	0.464877	-0.283669
-0.0403172	-0.450169	0.892033
0.147576	0.627927	-0.764153
-0.694679	0.517589	0.499523
-0.200884	-0.49045	-0.848
0.662151	-0.64496	0.381553
0.561786	0.269555	-0.782136
-0.149301	-0.0341942	-0.9882
-0.0955646	-0.994436	-0.044326
-0.392101	0.175635	0.903
-0.255417	0.92511	0.280952
-0.199656	-0.963987	-0.17569
-0.328406	-0.43457	-0.838629
0.743907	-0.442612	0.500696
0.591069	0.595743	-0.543809
0.359001	0.419151	-0.833925
0.46025	-0.744964	-0.482906
-0.546184	0.798272	-0.253861
-0.605379	0.114144	-0.787711
0.433741	-0.831203	0.347809
0.199654	0.920155	-0.336828
0.714087	-0.542924	0.441943
-0.527694	0.759171	0.381048
-0.760314	-0.635813	0.132905
-0.477295	0.409888	0.777291
-0.069611	0.372656	-0.925355
-0.0895211	-0.857622	0.50643
0.389987	-0.815774	0.427111
-0.602527	0.768662	-0.214757
0.516443	0.438389	0.735596
0.556543	0.816604	-0.153027
-0.0905502	0.616839	0.781864
-0.708727	-0.418257	0.568127
-0.676574	-0.698209	-0.233989
-0.983453	-0.107164	0.14607
-0.871723	0.314584	-0.37568
-0.0627205	-0.964973	0.254741
0.0211914	0.115582	0.993072
0.96288	0.266455	-0.0431677
0.697435	0.683967	-0.213947
0.0317856	0.946614	-0.320798
-0.925528	0.0846533	0.369097
0.203622	-0.787508	-0.581695
0.570514	-0.590626	0.57068
-0.130859	-0.524257	0.841445
0.203793	0.560876	0.802425
-0.973119	-0.124106	-0.194003
0.869033	-0.185164	-0.458798
-0.276539	-0.790593	-0.546342
-0.0519412	-0.885109	-0.462476
-0.0605358	-0.961585	-0.26775
0.70799	0.395113	0.585352
-0.312077	-0.753111	-0.579164
-0.169129	-0.298109	-0.939429
0.109033	-0.992414	0.056792
0.899928	0.106521	0.422826
-0.359463	0.61784	0.699328
-0.499859	0.568571	0.653352
-0.848273	0.459409	-0.263394
0.479135	0.0826646	0.87384
0.369668	-0.335752	-0.866381
0.26892	0.913869	0.304181
-0.636895	0.301242	-0.70966
0.496485	-0.283627	0.820401
-0.807424	0.419989	-0.414339
-0.122259	0.738886	-0.662646
0.845407	-0.348624	0.404658
0.902458	-0.368604	0.222938
-0.249051	-0.877648	0.409521
0.432328	0.0265746	0.901325
0.870994	-0.467801	-0.150107
0.695722	0.0706717	0.714826
0.750228	-0.602819	-0.271602
-0.802046	-0.221403	-0.554709
0.0843336	-0.990267	0.110717
0.917076	-0.306685	-0.254787
0.202258	-0.945793	-0.2541
0.642279	-0.750721	0.154582
-0.640502	0.598335	-0.481406
-0.888811	-0.171333	-0.425042
-0.358514	0.737432	0.572417
0.330817	0.544862	-0.77051
-0.042405	0.0765342	-0.996165
-0.796547	-0.565716	0.213256
-0.615725	0.370801	0.695262
-0.186332	0.379427	-0.906265
0.652677	-0.702849	-0.282871
0.529434	-0.686369	0.498595
-0.312156	-0.945988	0.0875549
-0.29464	-0.182912	0.937939
0.125021	-0.9555	-0.267188
0.626725	-0.246685	-0.739163
-0.628442	0.741998	0.233452
0.440972	-0.77107	-0.459342
-0.906333	0.0463481	0.420014
0.480452	-0.87371	-0.0761354
0.0648019	-0.161737	-0.984704
-0.813395	-0.322271	0.484283
0.792731	-0.520191	0.317772
0.180417	-0.521331	0.834065
0.90808	0.374648	-0.187163
-0.823058	-0.203518	0.530242
0.9925	-0.0261156	-0.119419
0.5796	0.111496	-0.807238
0.147843	-0.234622	-0.960778
-0.43336	-0.161034	-0.886717
-0.528712	-0.0721073	-0.845733
-0.809742	-0.425751	0.4038
-0.354452	0.541942	0.762012
0.786655	-0.554614	-0.27125
0.25524	-0.700963	-0.665961
0.716826	-0.695715	0.0462803
0.887018	-0.219826	-0.406049
-0.314562	-0.919669	-0.235073
-0.851897	0.329913	-0.40673
-0.078367	0.646564	-0.758824
0.256544	-0.235429	0.937421
-0.68026	-0.731658	-0.0438544
0.803543	0.0120399	-0.595125
-0.208213	0.430883	-0.878059
-0.408753	-0.821194	0.398197
-0.719856	-0.346614	-0.601387
-0.765516	0.640047	0.0657568
0.656899	-0.236297	-0.715994
0.828336	0.550524	0.103844
0.506527	-0.861409	0.0374804
0.618689	-0.613466	0.490798
0.496285	0.304851	-0.812876
-0.273398	0.670101	-0.690086
0.247964	-0.0403619	0.967928
0.0297439	0.724931	0.688179
-0.445882	0.729203	-0.519088
0.745436	-0.352993	0.565439
0.356702	0.87045	0.339235
0.990417	-0.13091	-0.0440017
-0.754198	0.22051	0.618515
0.682455	0.697988	-0.216951
-0.702832	0.395304	-0.591407
0.0405292	0.225343	0.973436
0.607321	-0.727501	0.319223
0.0249135	0.872708	0.487607
0.0222694	-0.938711	0.343985
0.607462	-0.722293	-0.330579
0.376432	0.34999	-0.857791
0.671317	-0.732031	0.116037
-0.506144	-0.854881	-0.114003
0.295976	-0.92155	0.251284
0.81928	-0.364172	-0.442899
-0.538346	-0.448872	-0.71323
0.362026	-0.470902	-0.804481
-0.14839	0.95679	0.250068
0.0637289	-0.632003	0.772341
-0.160175	0.964583	-0.20958
0.736377	0.671393	0.0835534
0.413658	-0.910432	0.000999636
0.135945	-0.624182	-0.769361
-0.517921	0.684831	-0.512606
0.786772	0.209485	0.580608
0.670122	-0.0515901	-0.740455
0.0299264	0.533798	-0.845082
-0.586161	-0.799307	-0.132378
0.165755	0.0736425	0.983413
0.62298	0.78197	-0.0204579
-0.596345	0.63366	0.492795
-0.967043	-0.160785	-0.197425
-0.514314	-0.542151	-0.664494
0.0579837	-0.488164	-0.870824
-0.0778036	0.039704	0.996178
0.921711	-0.279527	-0.268913
0.880535	-0.335802	-0.334507
0.664399	-0.206097	-0.7184
0.987323	0.0608424	0.146601
-0.372993	-0.333089	0.865984
-0.0998039	0.580334	-0.80824
0.111657	-0.991566	0.0658061
-0.146838	0.00152054	0.989159
-0.144004	0.184893	-0.972151
-0.457784	0.180831	0.870479
-0.454548	0.617491	-0.641944
0.353727	0.885513	0.301238
0.177757	-0.120862	-0.976624
0.442043	0.204251	0.87343
0.209401	-0.944717	0.252311
0.671248	0.635846	0.380953
0.540629	0.793899	0.278287
0.585375	-0.602258	-0.54279
-0.444956	0.834289	-0.325539
0.772275	-0.448555	0.449877
-0.776548	0.28878	0.559981
0.69128	-0.717663	-0.0842139
0.847186	0.412785	-0.334491
-0.394621	-0.547708	-0.73776
0.827644	-0.489428	-0.274712
-0.848507	-0.33263	-0.411574
0.164477	0.610733	-0.774566
-0.672728	0.505132	-0.540628
-0.951179	-0.0675501	-0.301158
0.195736	-0.94136	-0.274824
0.0462954	0.0366196	-0.998256
0.0983631	0.923767	-0.370106
-0.365658	-0.553008	0.74865
0.0128106	-0.503096	0.864135
-0.0596505	0.583212	0.810127
0.287754	-0.655226	-0.698482
0.635962	0.276843	-0.720354
0.676566	-0.395922	-0.62089
-0.0790807	0.871629	-0.483745
-0.69556	-0.715881	0.0609171
-0.661347	0.461761	0.591098
0.390221	0.759382	0.52064
-0.251207	-0.354143	0.90082
0.00197193	-0.995703	0.0925869
-0.106231	-0.977539	0.182022
0.879989	-0.474986	-0.00257611
-0.664539	0.394313	-0.634748
0.0499203	0.955482	0.290795
0.301944	0.844257	0.442787
-0.213958	0.972376	-0.0933063
0.104719	-0.918188	0.382053
0.622925	0.744367	0.240589
0.000822996	-0.15555	0.987828
-0.327006	-0.944338	0.0359654
0.176284	-0.868804	0.462712
0.723297	0.581403	-0.372575
0.877783	-0.183323	-0.442594
0.317895	-0.872289	-0.371558
-0.492883	0.792246	0.359738
0.514077	-0.320652	0.795555
-0.990961	0.0756507	-0.110786
0.952414	0.0346105	0.302837
-0.852125	0.523337	-0.00126038
0.25388	-0.92303	0.289067
0.608178	0.503827	-0.613415
-0.891675	-0.369666	-0.261269
-0.629904	0.510968	-0.584921
-0.394297	0.761242	-0.51482
0.0295735	-0.174111	-0.984282
0.971973	0.200796	-0.122266
-0.782377	0.593978	-0.187286
-0.0970334	-0.492426	0.864929
0.87743	-0.44396	-0.181706
-0.799748	-0.59907	0.0389576
0.755421	-0.537706	0.374448
0.311237	-0.677316	0.666614
0.777201	0.130641	-0.615542
0.560284	-0.392731	-0.729277
-0.655008	-0.37493	0.656043
-0.27892	-0.0942171	-0.955681
-0.49665	-0.161269	0.852837
0.786	-0.207135	0.582494
0.11305	-0.827172	-0.55046
0.656362	0.469416	-0.590625
-0.232019	0.797446	-0.556998
-0.0761009	0.436077	0.896686
0.119422	-0.989947	-0.0757913
-0.476757	-0.758637	0.444041
-0.553332	-0.823616	0.124421
0.0836404	-0.28762	0.954085
-0.485723	-0.344081	-0.803543
-0.0251446	0.892027	0.451283
-0.403349	0.434498	0.805308
-0.538985	-0.219755	0.813144
-0.595081	-0.433926	0.676451
0.0397317	0.371698	-0.927503
-0.0980578	0.483374	0.869905
0.717945	-0.589206	-0.370664
-0.93994	0.136259	0.312963
0.532864	0.469161	-0.704233
-0.228203	-0.926649	0.298739
0.641817	-0.423904	0.639043
-0.276415	0.858997	0.43095
0.647581	0.328061	-0.68776
-0.971064	-0.212356	0.109266
0.363542	0.486745	-0.794303
0.896551	-0.315002	-0.311401
-0.988727	-0.143904	-0.0413706
-0.0977337	0.849654	0.518204
-0.88926	-0.451567	-0.072829
-0.169776	-0.32968	0.928702
-0.305285	0.929105	-0.208723
-0.979553	0.20091	0.0105224
-0.102498	0.0225582	0.994477
0.216019	0.933762	0.28535
0.80467	-0.336294	-0.489297
0.116728	0.597843	-0.793069
0.761695	-0.451093	-0.465119
-0.460129	0.0122229	-0.887768
-0.130871	-0.967114	-0.21809
-0.814651	0.579841	-0.0113137
0.125126	-0.091472	-0.987915
0.648554	-0.676881	-0.348153
0.717205	-0.507858	-0.477177
-0.527832	-0.779868	-0.33645
0.436285	0.237819	0.867812
0.315862	0.70974	0.629683
-0.443528	-0.892597	0.080951
0.655327	0.706853	-0.266282
0.580866	-0.521159	-0.62529
0.0940881	0.965579	0.242495
0.555338	0.100231	0.825563
-0.105639	-0.895767	-0.431789
0.527593	0.826391	-0.196782
-0.862377	-0.455536	0.220889
0.145309	-0.392123	0.908364
-0.874506	0.433455	0.217615
0.646234	-0.497726	0.578491
-0.0331021	-0.679419	0.733003
0.947427	0.228845	-0.223635
0.425115	0.724803	-0.54216
-0.0635697	-0.494725	0.866721
0.20652	0.232986	-0.950298
-0.174369	0.887419	0.426712
-0.19535	0.481638	-0.854321
-0.776481	0.617072	0.127674
-0.350536	-0.62471	0.697755
-0.480076	0.173734	-0.859851
0.768217	0.325198	-0.551442
-0.143083	-0.988788	-0.0427221
0.0258525	0.780234	0.624953
-0.248104	-0.27575	-0.928658
0.734306	-0.575737	0.359613
-0.787548	-0.44184	-0.429587
0.19697	-0.571176	-0.796844
-0.380772	0.425686	-0.820856
0.12062	-0.451685	-0.883986
0.551923	-0.366917	-0.748834
-0.781001	0.62377	-0.0308026
-0.222673	-0.364058	-0.904366
-0.170269	0.667742	0.724658
0.0758794	0.0560368	0.995541
-0.5169	0.45338	-0.726127
0.610951	0.00359848	0.79166
0.14822	-0.919683	-0.363613
-0.815224	0.560202	0.146912
-0.804721	-0.593608	-0.00729157
-0.411192	-0.611453	0.676052
0.95951	0.207532	-0.190449
-0.0593853	0.123714	-0.990539
0.697421	0.13182	0.704435
0.90913	0.385426	-0.157891
-0.245509	-0.933394	-0.261728
0.137271	-0.978698	0.152666
-0.534276	0.718924	0.444632
0.443736	-0.446591	0.776953
-0.759492	-0.081546	0.645386
0.898914	0.135963	0.416495
-0.07761	0.955783	-0.283646
-0.784662	-0.0194103	0.619619
0.0230377	0.913637	0.405877
0.0351013	0.241832	0.969683
-0.548745	0.250119	-0.797696
0.399155	-0.873063	-0.280064
0.953705	0.293782	-0.0643298
0.345416	0.341103	0.874264
-0.318714	-0.869693	-0.376904
-0.057778	0.739222	0.670979
-0.715591	-0.431611	0.54922
-0.454154	-0.859744	-0.233631
0.588482	0.262674	-0.764651
-0.695699	0.670566	0.257573
0.309026	0.497966	0.810267
0.596973	0.210226	-0.774227
0.654774	-0.495739	-0.570538
-0.135014	-0.787206	-0.601729
0.301414	0.206204	0.930929
-0.859079	-0.130612	-0.494898
0.195051	-0.972401	0.128026
-0.10808	0.994061	-0.0126736
0.547173	-0.765822	0.337814
-0.149851	0.987364	0.0515462
-0.268212	-0.915218	0.30073
0.507417	0.494717	-0.705537
0.347284	0.0763019	-0.934651
0.537647	-0.784114	-0.31
0.998102	0.0377892	-0.0486229
-0.449002	0.884959	-0.123468
0.366406	0.193129	-0.910191
-0.467216	0.312114	0.827221
0.0581794	-0.461281	0.885344
0.55273	0.610003	0.567791
0.987541	-0.0268954	0.155048
0.95255	0.214697	-0.215763
0.63297	-0.664678	0.396929
0.499595	0.289126	0.816585
0.381479	0.846469	0.371434
0.106098	-0.687398	-0.71849
0.319743	-0.934998	-0.153437
-0.302927	-0.946758	-0.109012
0.383529	-0.434741	-0.814804
0.955194	-0.193165	-0.224259
0.721696	-0.544221	0.427759
0.265965	0.601538	0.753269
-0.348837	-0.871474	0.344741
-0.611277	-0.392257	-0.687368
-0.0430285	0.995351	-0.086172
-0.712128	0.653526	-0.25647
-0.321043	-0.853685	0.410065
-0.528356	0.762636	-0.373131
-0.38036	0.891908	0.244594
0.491971	-0.645459	0.58425
-0.772808	-0.6165	0.150648
0.964572	0.0207622	0.263003
-0.0255817	-0.998899	0.0393171
-0.281864	-0.633882	0.72024
0.34231	-0.867176	0.361703
-0.293335	0.933324	-0.207028
-0.565	0.555523	-0.610057
-0.0578673	-0.0391456	0.997557
-0.721775	0.32099	-0.613194
-0.252577	0.353965	0.900507
-0.587795	-0.0652119	0.806377
-0.475737	-0.577791	-0.663198
-0.844949	0.430802	-0.316972
-0.925831	-0.332316	-0.18001
-0.481832	0.818342	-0.313295
0.448514	0.709424	-0.543648
0.490817	0.804132	0.335366
0.0679895	-0.997174	-0.0319664
0.343564	-0.725774	-0.596
-0.986515	0.124853	0.105833
-0.387907	0.142674	0.910589
-0.983485	-0.158712	-0.0869917
-0.893017	0.447303	0.0494021
0.974049	0.224648	-0.0275843
-0.620778	-0.423015	0.660071
-0.143817	-0.496347	-0.856129
-0.533651	-0.816908	-0.218808
-0.501549	0.822834	0.267193
0.15911	0.816247	0.55536
-0.651638	-0.0453887	0.757171
0.460874	0.23261	0.856439
-0.107905	0.4836	-0.868613
0.505724	0.858165	0.0882961
-0.449828	-0.199251	-0.870605
-0.359135	0.231378	-0.904149
-0.785426	-0.491019	-0.376838
-0.684427	0.100429	0.722131
0.768338	-0.318421	0.555216
0.836639	-0.190836	-0.513437
0.996241	-0.0823933	-0.0267371
0.992059	0.0431468	0.118138
-0.559486	-0.744678	0.363909
-0.894489	0.39236	0.214342
0.10366	0.19122	-0.976058
-0.370573	-0.775782	-0.510724
0.146955	-0.766015	0.625799
-0.268923	-0.50541	0.819903
0.407444	0.774881	-0.483269
0.203776	-0.0273106	-0.978637
-0.210079	0.874693	-0.436783
0.465413	-0.884606	0.0293687
-0.869141	-0.434019	0.237109
0.849594	-0.360486	-0.385019
0.731299	0.50317	-0.460457
0.859445	-0.325053	0.394583
0.730995	0.680812	0.0462707
-0.595885	0.5059	-0.623688
-0.881608	0.457284	0.116868
0.913001	0.347972	0.212942
0.847184	-0.528391	0.0555133
-0.323398	-0.786396	-0.526303
-0.164236	-0.130182	-0.977793
0.74082	0.450677	0.498072
0.917944	-0.172869	-0.357064
-0.78147	-0.0852697	-0.618089
0.541941	-0.418055	0.729061
-0.555407	-0.232537	0.798404
0.850988	0.498763	-0.164481
-0.769102	0.634093	0.0800476
-0.715869	0.682221	-0.148678
0.871785	0.140373	0.469346
-0.718987	-0.353274	0.598545
-0.0156859	-0.996007	-0.0878841
-0.791391	0.425519	-0.438901
-0.674501	-0.551767	0.490511
0.75114	0.651649	-0.105558
-0.711932	0.700095	-0.0549533
0.127077	0.903189	0.410001
0.40954	0.896455	0.169252
0.0626978	-0.712064	-0.69931
-0.359802	-0.222039	-0.906224
-0.290785	0.523512	0.800861
0.828247	0.191073	-0.52678
-0.829289	0.554415	0.0700262
-0.323576	-0.69534	-0.641718
-0.992715	-0.0653521	-0.101223
0.100298	-0.776855	0.62164
-0.613833	0.721557	0.320257
0.608508	0.790959	0.0640417
0.927913	-0.285605	-0.239599
-0.316601	0.155675	0.935697
0.949089	-0.00890521	-0.314881
-0.743289	0.254533	0.618655
0.591455	0.801231	-0.0906111
0.225175	0.653127	0.722995
0.280313	0.939355	0.197575
-0.963688	0.261663	0.0532788
-0.740136	-0.6095	0.284092
-0.671329	-0.741129	0.00676542
-0.614524	0.441605	-0.653717
-0.352908	0.0308909	-0.935148
0.111405	0.92232	-0.370019
-0.736974	-0.65764	-0.156138
0.312753	0.47594	0.82199
0.580626	0.333068	0.742926
0.0812577	-0.128164	-0.988419
0.722062	0.60641	-0.333008
0.966491	-0.0485113	-0.252076
-0.916841	0.330572	0.223885
-0.511297	-0.704969	0.491523
0.228776	-0.381111	0.895776
0.164213	0.309774	0.936522
-0.0536503	0.238059	-0.969768
-0.0556896	-0.863439	0.50137
0.493409	-0.845883	-0.202557
-0.184147	0.656897	-0.731147
0.772853	-0.62314	-0.11998
-0.981919	-0.148572	0.117311
0.308194	-0.944696	0.112095
0.581186	-0.65007	-0.489522
0.797683	-0.374278	-0.472882
0.57576	-0.381485	0.723167
0.826421	-0.511138	-0.236147
-0.804875	0.592719	-0.0293331
-0.808107	-0.584739	0.071018
-0.803722	0.59309	0.0477076
-0.899163	0.109311	-0.423741
0.829924	-0.499924	-0.247594
-0.894733	0.151188	0.420232
0.256202	-0.964986	-0.0562402
-0.956365	0.288216	-0.0479227
-0.344388	0.553626	-0.758218
0.630215	0.299191	-0.716459
-0.467994	0.465894	-0.750949
0.67086	0.66049	-0.337194
-0.545993	0.837751	-0.0080247
-0.764175	-0.644303	-0.030173
-0.0988076	-0.698023	-0.709225
0.147329	-0.931485	-0.332609
-0.351014	0.879263	-0.322004
-0.525694	0.761544	-0.379073
0.0555867	0.691432	0.7203
-0.982879	-0.164071	0.083845
-0.236133	-0.541357	-0.806954
0.948672	-0.101653	0.299479
0.943091	-0.0225746	0.331768
0.34544	0.207977	0.915105
-0.243743	0.960834	-0.131862
0.865729	0.147485	0.478291
-0.592524	0.756759	-0.276099
0.0690273	-0.785869	-0.614529
-0.372982	-0.882256	-0.287244
-0.463694	-0.702604	-0.539755
-0.982881	-0.0394465	0.17997
0.316722	0.931097	0.180956
-0.0614119	0.334184	-0.940505
-0.182721	-0.70884	0.681292
0.773955	-0.218913	0.594197
-0.415811	0.519133	-0.746728
-0.729155	-0.159533	0.665494
-0.698556	-0.484705	-0.526384
-0.063293	0.332006	-0.941151
0.365345	0.333641	0.869026
-0.886238	0.0835974	0.455624
-0.322892	-0.0133204	0.946342
0.762388	-0.546883	-0.345953
-0.934005	0.166638	0.316017
-0.465062	0.0811219	-0.881554
0.333924	-0.432644	0.837445
0.925494	0.163353	-0.341726
0.930368	-0.352534	-0.100674
0.151269	0.156303	0.976057
0.459405	0.886494	-0.0554517
-0.450261	-0.810819	-0.37395
-0.687695	0.364599	-0.627808
0.495271	0.450176	0.743
0.377878	-0.238606	0.894581
-0.688608	0.714029	-0.126419
0.824607	-0.0324838	-0.564773
-0.61221	0.760194	0.217495
-0.219757	-0.0613629	0.973623
-0.841635	0.483717	0.240142
0.268473	0.417059	-0.868323
-0.239138	-0.818377	0.522563
0.431589	0.509888	0.74414
-0.324173	0.525087	-0.78689
0.624843	-0.733359	0.267872
-0.471941	0.516977	-0.714148
0.303731	-0.252685	0.918639
0.368731	-0.791575	0.487285
0.885949	-0.400897	0.233186
-0.977764	0.144594	-0.151887
-0.410471	-0.569062	0.712518
-0.650719	0.743243	-0.155418
0.481849	0.86815	-0.1189
0.523093	0.794198	-0.309229
0.224774	-0.411273	-0.883364
0.267397	0.538107	-0.799337
-0.814949	0.521851	0.25205
-0.535701	0.504119	0.677413
0.636141	0.146213	-0.757592
-0.188362	0.891761	-0.411439
-0.591713	0.784753	-0.184496
0.771475	-0.603403	-0.201821
0.726937	-0.483039	0.488093
0.282716	-0.958806	-0.0276071
0.310245	-0.709518	-0.632719
0.61163	-0.678837	0.406312
0.35664	0.894592	-0.269282
0.331172	0.572412	-0.750113
0.182854	0.594225	-0.783238
-0.0303077	0.955676	-0.292858
0.594017	-0.802315	-0.0585953
0.0400226	-0.98718	0.154515
-0.649491	-0.516541	-0.557984
0.899462	-0.396985	-0.182679
