22.2582	0.776532
48.7885	29.0501
-11.5194	31.4599
2.26761	-30.5203
2.96572	-30.457
-4.2372	-11.4352
17.4285	-35.2305
24.059	40.8286
-4.02319	28.6166
24.8648	32.6397
-3.56533	9.39757
28.4686	7.6657
27.493	-38.8496
47.9038	15.1748
-14.5317	-12.9715
-5.52149	37.9254
-28.6559	15.7983
17.3966	-23.9798
-7.00474	-39.1124
0.457349	28.6274
-27.6699	-44.3415
22.0987	22.3778
14.0843	43.7093
19.9355	-24.2386
37.487	-30.3116
28.7551	40.6527
-1.47329	-9.31147
-31.7591	1.08449
7.18125	-36.4641
22.9381	-3.32721
36.2117	10.3755
-7.95575	21.1406
-51.6328	-29.2711
28.941	6.90768
-4.30514	12.3739
20.9325	-35.3167
9.15837	38.0497
-13.3453	17.2226
-24.6334	54.2627
10.5726	-26.606
-1.74113	20.7497
25.6815	15.0006
16.7028	-27.8219
-21.6784	21.8072
-14.923	-22.9832
22.332	37.501
-20.9179	-55.5173
-15.3931	42.1071
-11.8902	31.9615
-40.0427	-16.4795
-33.3077	-43.6333
-20.693	17.7585
9.34828	-5.14601
-52.9255	1.78044
23.1674	53.9479
12.4182	26.4685
-10.1575	-17.3759
13.9572	30.7506
29.9316	29.6972
-0.40666	-23.0033
-23.5805	-33.8893
-20.2165	-31.2015
57.9123	-5.80051
-27.9548	3.34074
14.8333	12.4223
-30.5873	10.3548
-42.0637	-10.0049
38.775	22.3748
19.6173	-4.65403
-21.4887	-16.9147
-17.0701	-0.41709
-13.4545	21.1371
7.5858	46.5863
39.4011	-41.1292
-1.1704	30.4016
2.41176	39.6284
-16.648	-3.56919
-1.55679	22.7266
16.3803	-40.7911
48.5481	-19.1486
28.9497	-35.9851
24.1592	-20.5121
-0.82542	-24.0776
7.79732	48.4959
21.9897	26.343
16.2148	-50.7353
29.4191	32.3318
3.76856	23.6219
-11.8716	39.4773
-11.9645	19.3394
23.5629	-26.5213
28.1715	22.8703
-16.2342	-28.1914
5.15322	-56.0968
22.1646	-10.7318
58.831	-8.40387
-37.4466	-24.4316
22.508	-13.4005
11.1	-37.4984
0.408165	-12.2385
26.1198	18.6638
-17.5583	-40.944
-10.2216	35.9876
-4.40096	17.4757
26.4901	9.43391
-42.2718	-41.2804
-37.8404	3.03373
0.613361	-50.0131
-5.01591	-17.636
17.0465	8.82928
-51.6779	8.81979
-23.5372	-39.6264
-46.1132	-7.2788
-39.9442	-21.7715
15.3815	-1.40613
2.59005	47.1847
-49.1411	-10.1092
22.7783	-49.3387
-7.61788	20.0817
-47.2116	28.6128
40.1522	35.0464
19.3832	37.1905
13.0199	27.7211
24.2223	22.1985
-4.96277	21.5617
20.6588	14.6789
11.3697	27.3578
-42.8483	11.0088
19.4863	33.5466
-46.5072	-1.6154
-7.19787	-5.75229
16.5918	42.9421
2.95701	-56.0668
-17.776	-56.4992
25.2677	13.3572
4.2897	51.1667
-1.49501	14.5511
-13.8379	10.9194
-8.15094	30.5129
-1.34267	1.32217
22.822	5.999
-19.8869	-24.0216
-16.741	29.3149
18.2592	-9.15235
-0.373984	51.9846
-27.2571	-0.557216
-11.3142	41.7518
4.16286	24.0438
-22.3749	-19.7154
34.8594	41.529
8.93362	-16.365
28.1286	-1.9375
-28.2785	-13.9984
-45.7134	-9.92158
-28.7132	12.6437
-49.3766	9.40576
-10.4824	26.0665
57.8312	-8.16935
49.4516	13.0997
-24.8574	36.1926
-28.8344	8.92568
30.2913	13.7962
-10.6258	-13.4893
-8.85678	-13.0508
44.995	21.3322
38.8578	17.7
-29.6299	-17.9626
-7.16147	-9.59736
35.4018	-16.1647
17.433	-43.1883
-1.61739	22.3993
44.464	14.5665
-38.0849	-44.2559
-20.4093	29.8695
-37.1331	19.4154
-21.8408	-17.2858
-17.5093	-52.6972
-10.1089	21.4741
-7.69575	22.4536
-16.2801	6.79231
-27.9759	-30.5138
-23.0349	-8.81693
8.38776	-48.6363
46.8283	-8.08867
52.8704	17.1563
0.991458	7.35835
4.39189	38.7051
56.307	14.8036
-42.8648	30.9923
-7.79017	-6.52123
-29.5779	49.4969
-17.6077	11.1561
-3.8319	56.9968
-47.9332	-13.7155
-3.04493	-54.1318
13.4209	58.1193
38.0667	39.6801
44.7235	-9.61342
-33.6967	32.3688
-28.5999	4.48217
45.5727	20.1367
-23.2011	-1.50627
2.7235	-36.7459
4.40863	-46.7495
22.123	3.99479
-1.17998	-32.6357
15.6901	53.8507
-45.2027	-18.5938
-12.8406	-56.7455
-4.97667	-59.3276
0.846283	59.6457
-10.4943	14.5287
-15.2287	-56.7947
-16.2425	54.5876
-12.4788	-4.3394
-55.1831	10.1985
32.6738	-17.2065
14.8209	-12.9417
5.86243	55.8933
36.798	3.42974
32.185	-0.939425
-6.90035	-20.0428
-15.3714	7.41236
8.06291	33.3988
-7.78779	35.9747
-12.1152	-49.9627
-13.411	26.0422
-35.5697	43.4303
-24.6014	14.2189
33.5772	17.7476
-5.33542	-41.3819
-4.44973	41.7618
-5.05306	-23.8566
-10.4942	-8.20547
9.99484	-53.1729
-0.0413019	0.566893
7.88778	5.00509
-9.61384	-14.5271
-32.1103	39.8187
-39.5418	14.238
-34.0176	-15.259
-9.9565	59.0603
6.94374	-6.57552
-25.2639	-14.5039
-4.45807	-8.1494
-35.3606	27.619
-6.02988	52.1241
-25.2153	53.9399
4.19379	22.0468
44.6774	22.3172
-8.48933	-54.2189
-7.58824	-30.8558
-32.9975	23.8997
-43.0981	18.9273
25.3976	45.223
-1.67595	37.17
21.8911	46.8026
13.2285	-43.6483
38.25	36.3224
-12.6883	19.7866
6.63411	8.71835
21.4775	47.7926
3.31552	38.6616
-16.637	-9.35669
-36.155	29.9463
19.3784	3.92859
-36.9857	-30.6509
10.7662	-10.2505
36.7939	45.6905
47.6831	30.2125
7.04653	25.2079
23.3339	40.0616
33.1893	-4.18092
-17.8415	31.8046
-42.2316	34.4963
-6.78973	4.54816
28.3806	50.1847
-48.7812	-25.4641
7.45322	-28.6936
-10.6386	3.87967
-41.7764	31.7905
22.425	27.5523
-34.6334	-29.4849
-42.5051	11.3973
4.7706	30.0413
-32.7584	-49.4891
32.0859	-26.5305
16.0841	-4.36691
37.0142	17.4841
2.13352	4.09602
17.3303	22.05
17.8216	-11.5445
55.9848	-0.305626
54.071	18.8403
12.0541	-41.1792
32.3897	-13.1642
5.35424	45.2892
-55.9736	3.2986
31.5199	6.47548
-13.4993	31.697
16.0944	47.0007
37.3374	-10.6104
14.9775	43.3594
5.90973	45.5153
1.36121	-40.9922
-7.05863	33.6925
-33.3805	20.7231
23.3242	-6.45398
-49.413	-10.22
-0.660804	20.3882
-47.0859	-18.0923
-5.63116	58.6206
10.3539	40.0668
34.0344	37.5775
-29.9581	43.0395
2.87464	24.5699
-12.5184	-9.05492
-8.62813	3.3063
-38.9673	10.9829
-17.1465	-20.1888
3.85964	-17.6711
-55.9922	-11.4952
2.18837	17.9626
13.6186	54.6649
-23.5029	-13.4369
36.2162	25.4647
-5.22312	34.1848
-15.9836	50.1369
9.76639	-39.0665
3.81605	-35.8236
-18.0538	-22.5118
-46.943	-18.9937
-26.9963	-4.16314
-53.2408	6.9405
52.8399	-25.7293
-6.74715	13.9715
-27.9116	5.78749
29.646	46.5775
-28.1488	22.8427
5.78969	7.62448
-11.0603	10.1139
8.51455	46.964
-29.044	-1.89497
25.6143	22.9518
-25.5174	-12.9037
3.41132	53.7038
-54.2899	-14.8067
0.362682	10.3034
-12.9713	7.25761
-11.0754	-18.6413
19.0368	44.4809
54.6979	-2.53571
-21.8952	20.0818
-4.54898	-17.3326
25.133	-27.6629
-38.7505	37.1462
-31.1598	28.6127
21.7291	-15.8244
31.3947	-29.1304
-12.3857	-29.4757
-22.5429	-4.00027
43.1994	-22.4075
-29.3933	-26.6829
-50.9965	11.2207
-8.60719	1.45879
38.5403	9.88356
5.11516	14.4028
55.0875	-14.1659
-9.20037	-3.8971
7.2494	35.2882
20.4632	-26.9115
-21.2125	0.96223
-13.8935	57.7434
55.1755	-13.1046
33.8298	43.3159
48.7325	-0.403903
14.8846	-33.1968
36.3238	43.7356
2.16859	36.1274
5.03738	1.77026
22.0942	17.5998
5.37932	-11.109
22.1966	-54.5376
-19.13	-2.08247
33.7464	-14.8548
-33.0766	-11.0089
36.485	6.2791
32.3828	18.3522
-22.1412	-15.951
15.6303	12.9714
35.0888	37.6919
-38.2467	-7.09026
15.0445	-32.3645
-11.0652	-31.4157
48.165	0.0209591
-1.7987	29.5443
-24.336	-26.693
35.4545	7.9159
-8.16306	15.7401
-38.7556	6.32748
-13.6362	40.517
-28.036	-34.6827
-41.5149	20.4285
45.835	29.2846
28.62	-16.0656
5.258	47.7062
16.8632	22.6789
24.2047	9.74669
-22.473	17.8068
-25.906	-1.63009
6.96331	-22.3986
-0.226302	27.5203
5.47739	-45.452
7.74108	6.64975
56.6552	-0.597602
36.1134	25.0715
12.6456	3.88367
0.106972	-49.8828
49.8094	27.2973
18.8799	-55.7552
17.707	-27.5398
3.46188	-15.2597
-25.2432	47.4118
9.06765	-22.0642
4.14338	-3.35406
-12.4889	-24.8057
-21.2016	54.164
-32.3457	-24.518
-4.93698	-21.3907
-5.67638	34.3768
3.9517	-21.9588
16.6576	23.9873
29.1655	-12.599
-58.9025	-9.08422
-28.8133	25.8467
-6.60629	-53.1672
-38.1169	45.2921
6.33995	2.57336
-26.927	-23.8016
28.2169	-19.941
13.3796	-27.2981
2.8036	-12.6023
19.9292	17.8974
16.1474	-18.2096
22.6771	32.8527
43.8474	28.6236
-22.0062	3.37687
-10.5564	-8.67108
22.6424	-33.6357
30.9715	-9.17461
-6.00566	13.4132
7.20209	-6.53523
8.25681	0.301228
5.49639	52.5452
-8.47581	-44.0048
-17.1805	-15.9456
13.8333	48.2039
41.2168	1.28855
-14.9851	-43.3703
8.30611	-14.8593
25.6627	49.805
8.44414	53.3171
5.66614	-21.0259
27.4512	-6.52933
22.4349	52.7948
10.8563	-32.2346
8.70894	34.5567
-1.33099	-27.8242
25.9591	-3.9578
3.39234	8.40386
2.38245	17.1325
-33.1049	-17.0926
11.0678	-8.2168
5.98522	12.544
8.65634	-43.3935
-5.19855	32.0432
21.355	-28.9729
44.4471	-11.6866
-17.4707	14.1952
53.5697	2.15511
16.6144	11.6569
38.9204	1.50222
-0.388988	-50.0232
-28.3598	25.416
-15.1761	-7.2541
21.9205	-1.81154
-25.6487	50.9284
-12.3678	-56.0456
-6.12297	-26.2215
-43.8727	-19.7551
10.7236	-27.4039
-1.42361	14.9369
-24.1167	50.0361
-2.33587	25.0876
37.879	-22.7244
-17.2562	-4.58851
-26.7948	20.3029
-14.8525	-23.4889
-6.59587	-12.3245
-16.8538	48.5493
57.5036	12.0268
-16.7188	-32.5661
-12.7047	-15.0432
31.4902	-17.1564
-18.9044	17.5491
-34.673	-5.04782
1.13266	48.019
-35.2096	-17.1825
21.0426	18.2055
30.0462	-8.03954
28.3037	43.4637
16.9872	-7.5712
-42.1547	-10.1936
34.8633	-46.5857
59.7339	-5.07279
-35.7098	2.27133
-46.2802	31.2858
19.0891	-53.254
-28.6454	19.6053
-46.5568	19.9709
-18.8511	3.43762
24.4194	-48.5779
-40.3033	-5.05899
-11.2019	-8.88676
32.7709	33.1066
17.7722	20.1077
8.68307	-54.2563
7.29043	10.1355
-3.11301	-20.7515
-8.73082	37.9251
-39.593	-25.0654
25.2867	-18.9883
30.5395	34.5418
-0.0937224	-7.49997
25.541	17.8607
-30.1948	29.5337
-2.12259	-1.96722
-43.3934	-39.46
-2.91242	-40.917
4.32593	21.0211
21.9693	0.614447
-44.8067	-25.5786
45.5811	-14.9063
1.0275	41.1968
51.9774	15.8808
-54.5136	15.5858
28.4395	-22.4816
18.6983	-49.2446
-8.62922	-19.2354
25.5062	2.97969
-46.9397	-36.7736
13.8408	20.1149
-4.56438	34.6153
18.7216	7.64301
32.1929	34.9981
-46.1789	29.189
-48.3337	1.34616
-38.2131	-46.0449
-7.61949	2.84101
-56.0363	1.90223
3.86851	-48.2457
-16.0715	-0.621474
-33.0529	5.09924
-36.5163	46.808
-7.72202	-59.3615
23.5046	46.2036
1.35316	-6.2957
10.2066	0.688272
36.3719	-13.7792
-12.7356	-18.0689
-33.1217	-39.443
-24.7669	16.7555
-23.1435	-9.96532
-41.7091	-0.915348
-30.7705	39.5948
1.27337	-17.5292
-14.5199	-1.60136
-8.77517	2.438
-9.81518	-19.8876
-14.7465	3.23996
-9.49412	-40.2234
-14.6071	31.9266
-11.4447	43.0412
-20.4248	15.3184
33.2047	25.5897
-40.2093	5.2239
18.3705	30.7539
15.9347	-39.1143
-24.6362	-43.3115
3.60935	51.2158
-9.06371	-28.2315
22.0345	-39.0734
42.3626	-40.7369
18.4834	30.3918
-23.7122	-41.3346
-30.679	-2.44752
26.8498	-15.1492
-50.5763	-30.8071
36.6137	-4.14989
12.3451	-17.1372
-14.7503	35.4308
30.4428	-39.9999
4.34834	47.8023
-28.0306	-13.0607
-39.094	22.0546
-58.0545	-14.469
-26.9941	9.79759
39.0497	-10.4813
-26.3534	43.5702
-0.799212	18.8527
23.2222	39.5655
-1.51932	-29.0194
-33.4024	8.18214
31.3003	-24.6493
-52.2615	-19.6977
-22.1855	-45.7464
43.1421	30.6179
-26.6698	-28.1075
-1.18499	20.0325
41.1099	22.2526
-35.6428	2.41428
32.7186	3.39345
29.8466	23.2675
14.4064	3.83975
32.9932	-35.7551
-0.698814	-4.06745
-11.6324	-31.7014
-6.14264	-41.4586
13.2709	49.1988
28.9416	-11.5615
-17.0481	-2.97824
6.49095	46.6133
-2.74135	12.617
-19.9573	-28.1334
-19.623	-44.9513
7.45959	-3.69634
-11.8912	-9.21754
41.4439	21.5
24.3255	-52.3723
-23.9182	-18.1972
27.9125	26.9768
-5.89317	7.26022
-0.405093	-30.2685
17.3466	6.96924
33.4222	18.1394
-25.1279	29.7105
41.0445	-34.9283
16.9835	12.8783
18.5067	-47.7383
26.3795	-12.8681
20.448	-9.81859
-8.05197	26.7241
-9.59646	11.2157
-13.994	2.997
-17.3843	28.6058
-49.0775	-4.98459
-24.9626	-21.438
27.0546	11.6369
20.864	-1.11481
3.58302	29.8578
27.4438	0.759592
28.037	-4.55228
-0.209565	6.28442
15.6167	43.2332
44.8407	33.9876
55.9984	15.2812
-42.4657	-37.0138
-20.7666	-15.9015
24.4663	28.7825
12.427	40.9651
-1.82625	30.1852
41.9025	21.7603
-23.6868	41.6309
31.5882	13.8746
18.813	3.62209
-1.9608	-43.9686
46.2695	2.05813
-23.8614	-11.5021
-30.8101	-4.98496
-24.3323	9.20598
25.9337	22.6269
-25.3523	-47.4714
17.8347	-44.2257
-53.5065	9.81375
32.1277	-22.4374
-20.3374	49.9195
16.4569	-11.0826
22.5808	-42.3094
-41.8392	-10.6285
38.4105	3.35069
-55.0468	23.1616
-19.9098	-18.4343
33.7231	12.031
27.6044	-30.0202
12.7181	-7.18054
-11.6626	-25.8258
-16.2788	-10.7896
38.1378	-31.094
1.56676	5.45502
2.36412	-20.066
-14.277	-37.597
19.9719	11.1884
20.1625	40.0251
-22.7203	-14.6054
-41.7888	-25.9626
7.66177	-44.2981
-6.26047	-30.0025
-2.59489	23.1533
-22.5972	-49.4746
1.90324	52.833
16.0891	-46.8185
48.2813	10.9664
18.14	19.2347
-17.8703	-28.0918
-13.6987	39.5191
45.1665	20.6765
-51.9392	-19.0897
-17.7139	-6.41092
4.4426	-24.2336
-14.3741	-20.9726
35.5517	29.0631
46.829	22.4802
26.2578	21.2483
6.93104	8.04462
20.3541	11.132
-25.1533	-12.8092
45.9375	-23.4123
8.84732	34.5105
-10.4168	16.5954
-17.9777	-25.1319
-5.82571	42.5899
-55.3697	7.19564
39.0801	10.978
-17.9396	35.7946
37.0753	-35.8218
12.4486	29.6282
-25.2234	-32.268
10.0887	21.1046
-19.2177	-11.308
35.1749	27.7649
1.72186	15.3087
-11.9002	-39.1102
19.2269	32.1042
29.0192	-8.71728
-47.5278	-12.1584
7.77209	7.70213
-34.8359	-11.9981
29.2608	36.8459
41.7322	-11.4197
22.5385	-27.6987
13.7911	16.2393
2.34412	9.25729
-41.1838	-35.0117
35.024	36.4284
16.2924	-12.5323
37.4467	28.8923
-5.29989	-23.5029
55.7738	-2.8963
-12.488	31.5438
-11.4575	-41.058
-0.796989	-19.3596
-6.90401	-0.552099
53.6926	-6.53495
-11.4307	25.5645
29.8892	-19.4184
3.44095	-46.6323
4.42016	8.39989
37.6288	25.154
40.7477	38.4265
11.2717	46.1139
22.119	26.4347
5.8595	-28.7188
-41.8531	-20.7126
-29.5091	3.83018
-21.9261	-7.70875
-1.40955	56.2524
-50.0154	30.4059
39.7243	24.4479
32.2204	12.2246
-46.394	-19.9827
-32.9162	-14.1505
16.2594	15.2658
-3.42737	-54.0328
-0.694349	14.8045
9.86164	-56.1669
-10.1533	55.3949
-3.12629	-32.1
-24.2641	-23.4798
-27.3273	-11.4131
-12.1712	-6.04294
51.76	11.1941
44.2945	-16.429
49.2959	-10.1223
-48.7889	20.2249
27.6042	-17.2284
9.02686	43.7563
-26.2087	11.3841
2.12144	-0.736428
7.7599	-19.8579
-6.65791	-32.7383
4.64769	4.57098
30.0408	14.8082
-15.0732	28.1235
-10.1649	-5.25402
-3.00675	1.47848
25.9983	41.9769
18.1223	-13.5987
4.74765	-14.5666
-50.0821	-19.5039
-6.39966	35.2148
-4.49886	31.1289
5.14777	-20.4635
31.7011	19.9309
-5.9083	-3.88723
2.59715	-19.8202
20.5192	23.4768
-19.2676	-3.74185
8.27261	-8.66431
10.8649	14.9851
-30.4379	16.5431
28.0226	-30.882
-16.4355	47.5685
22.2205	21.5732
8.36567	-12.7366
-23.5276	53.6694
-23.1637	51.7273
-18.6276	37.7119
52.3026	17.1646
-10.6927	-21.0002
4.04126	43.197
24.8476	43.77
-50.4968	-20.469
-30.5925	-4.71485
-42.0147	-32.8322
-12.6951	-40.2345
22.5221	-11.8716
6.30006	-0.347208
47.3472	-1.7023
45.7766	-1.769
-46.8513	30.7739
-22.1095	-30.2662
3.59486	56.0783
33.3885	21.2447
-44.983	8.34991
26.1956	-10.6209
-6.09663	17.7779
29.2843	26.448
35.3738	-11.995
30.7148	19.2674
26.933	-5.61579
-40.4636	20.2128
23.8464	-6.33209
6.91745	-55.2881
-9.61398	-28.6065
14.6304	-1.5179
30.26	-3.96751
-3.22897	-32.7687
13.6541	15.8665
-1.03656	-3.13207
-4.7707	20.9392
2.95384	48.6537
-38.6606	37.4815
-36.0867	4.38869
-10.4057	-41.6992
41.7069	36.2533
5.10645	-10.3406
14.5865	12.0708
11.4845	11.8215
-9.20312	-31.691
10.886	14.3506
-54.9303	-2.51268
1.74041	-20.4557
57.3002	-6.51827
25.5735	-1.05777
-28.4702	47.3092
57.6809	8.86205
-38.7668	-2.01718
25.3452	-44.3077
-38.2694	-45.3655
11.9703	-29.1182
27.4437	3.9022
27.5472	46.9084
14.9223	47.5075
48.7084	24.7339
9.89242	56.2155
4.35762	3.79528
-29.2084	19.2846
-19.2313	-19.2159
-45.1736	-7.10021
-8.50226	31.0592
46.3475	-26.0851
24.2581	50.1052
-46.6266	34.9566
8.11377	-5.25046
-40.829	16.3152
9.24397	24.9826
42.5776	41.682
29.2258	16.033
19.6276	-27.8668
24.8883	39.8433
26.095	-34.4872
45.0972	-9.13866
-45.4038	30.9214
-0.925374	8.99763
39.3779	44.356
-30.1379	-13.3294
-17.2219	6.96613
14.0206	6.5614
40.9801	26.7157
-25.371	23.5229
-20.7034	9.65238
18.9624	-14.2942
-7.71918	-25.7862
-1.01556	18.8924
12.906	29.7819
-19.3343	6.41414
-31.1491	18.1452
-5.31201	27.1954
-26.9817	13.8026
8.53759	2.4135
-30.8709	29.4822
-10.5919	27.8138
-32.8301	-19.6306
22.5161	17.3622
-28.1371	-30.8739
-33.224	33.7959
-3.72269	-2.76721
-0.113465	-18.0278
44.0564	-33.1457
-32.2912	-4.42805
-16.7792	-13.6839
10.9708	-8.07993
7.45017	-58.4981
-22.6526	-35.3018
-50.74	-19.6532
-26.4029	14.9195
-47.5326	-17.1509
9.17729	-45.4065
-32.4725	28.4586
37.1275	43.7843
0.893517	-23.7541
-10.7401	54.0289
9.75569	26.2035
1.05014	16.162
-43.0293	-22.5646
1.85946	-27.1289
-25.7143	8.98776
-30.1224	-36.1644
23.8684	7.68228
-20.3069	2.5972
-11.8282	-27.5096
28.315	17.0014
-26.6904	10.5946
-0.0356183	-40.8836
-11.0852	-0.224725
-4.98286	11.8525
-25.1868	30.5867
32.2567	-35.3868
27.5939	-35.8179
36.6775	-4.35381
54.7413	-17.4258
37.8119	-41.062
-6.03555	50.3554
-9.2856	56.2495
43.2829	-17.203
2.82871	-0.889678
2.12243	-25.9641
26.3418	36.1962
6.69665	-9.21095
-45.2549	11.7125
9.56318	23.2144
-3.05635	47.8048
8.09176	6.81539
-9.34609	-7.59733
6.65472	-17.2833
32.6153	30.2997
-39.0386	-2.66655
-4.30558	37.4245
-8.92473	37.9271
-22.433	-20.8716
-53.878	14.9913
-23.4438	-8.32853
52.3094	-15.1331
3.65569	-4.21098
4.65136	39.8297
-37.0265	34.967
30.6076	5.53741
-16.3932	-48.1278
-4.64651	11.2347
48.7136	31.5537
-53.4589	-5.17849
-17.8096	8.35777
-20.4512	-46.449
14.5451	27.7392
2.59807	30.0039
-25.982	3.75308
-22.6949	12.5519
-4.10344	-52.4006
12.1211	19.4869
-46.3738	-2.1098
-29.9121	26.5095
16.3423	24.1295
-33.646	-29.9586
-9.49704	-18.0689
2.51968	-25.2429
26.8497	5.26395
25.9299	-45.7558
27.115	22.6349
-27.2456	13.7945
24.497	-6.39412
-1.61534	-33.8626
-18.3581	34.5196
-22.0017	41.0862
48.3127	-7.27139
19.8613	17.181
-0.149677	19.0183
-9.522	12.5817
17.7366	26.7015
24.0385	34.174
-5.03858	52.7513
-18.6709	-28.5173
-6.10443	20.2718
-35.3894	-13.6231
48.886	24.9799
53.1708	-23.5908
16.4159	-33.9334
4.44419	-36.9046
18.2909	30.2034
3.57611	11.8823
49.443	-26.7748
53.5031	-6.28713
37.0679	12.6942
4.99743	-44.4671
1.08324	-48.0811
-34.2743	-7.96306
-19.329	3.34047
-5.38563	-20.5613
-37.3299	-17.868
-15.6825	35.416
-6.25885	-25.2461
24.9236	13.9457
-43.7712	16.6085
23.5821	21.2338
-2.77441	-43.6552
49.364	16.6097
25.9089	2.54813
-34.5458	-32.8419
-12.2311	-38.8419
-45.1325	-1.9901
0.657834	-22.6263
-29.5533	-25.3902
33.195	-27.2675
-1.48833	-15.2612
-34.1897	-23.7618
-13.5891	43.2153
-2.527	-8.78264
-22.9032	36.4879
-0.523427	-21.3258
-19.7757	-30.3246
-29.5388	35.4014
-35.3475	-40.6341
-23.8327	-13.709
-4.76424	-36.8488
38.8752	-12.4551
-24.0263	-1.778
24.2284	44.69
-32.6573	-17.6592
-16.0413	20.0959
29.0702	4.07485
18.1036	-7.68988
-34.5311	10.8985
-3.46351	44.0704
45.8967	-13.1487
-4.13309	-10.039
1.2546	37.5618
-29.0777	37.9212
-38.1551	-43.1761
3.94063	6.42089
38.4115	-35.6744
-49.1133	25.9904
2.57457	-7.01802
-26.9161	30.4866
56.7626	14.4323
25.194	10.783
-13.7031	-32.5817
-44.7058	5.32343
-59.4239	7.13624
24.3283	8.08583
-29.9527	-34.9537
46.3176	-1.5967
23.2109	49.1552
2.6858	8.11453
4.27968	-11.9448
-4.95002	-4.3103
29.965	21.4324
-23.2455	-21.9714
-16.4669	18.3837
-0.223015	-6.00512
50.4343	16.2207
-9.05543	-12.7613
6.30057	-57.1462
24.6747	-23.1764
-21.61	-45.1404
-52.2213	-2.3627
-0.462735	11.0567
10.5942	-22.5293
-10.2239	-25.0297
-39.4763	-11.9241
-3.22807	-17.6279
-31.1356	50.9346
-41.3474	-8.67651
-43.9364	8.36672
0.924623	21.8133
16.9318	55.263
-20.1244	23.2026
14.4048	44.0294
6.52891	-45.8264
-6.46547	50.3328
-13.3554	-37.7756
-14.7606	26.0152
-22.5158	-40.0261
1.30912	-14.8902
-25.9425	-24.4576
-6.20848	-0.367341
0.748714	42.2128
17.4018	-9.88202
-1.85677	13.6993
-21.5139	-37.075
29.3464	31.8504
3.22339	45.9529
9.81131	-23.9814
-56.6288	-9.41495
-9.90352	-57.5381
-17.4273	-22.0161
19.4845	-29.5909
-5.10664	24.1627
52.0423	-18.6314
-17.7172	-35.0143
-42.2492	-0.0623422
-44.9097	-26.28
-20.8376	20.4016
-48.5812	16.8389
-26.4273	-34.5439
19.58	9.90225
-16.3606	8.83765
-4.92782	13.4809
15.8083	35.1972
-10.153	41.9676
-6.66717	36.4162
-9.61804	-0.36923
-2.37724	-31.2956
5.04135	54.6813
26.3565	-5.62987
-11.052	-20.4061
-20.081	1.77421
-38.077	12.6972
-5.57851	-8.68427
15.5296	-13.5441
46.0746	8.85562
-34.5331	16.726
49.026	-0.413811
-13.554	35.3316
-31.3379	-37.9314
45.2423	3.77887
-41.1824	5.57422
7.81291	39.8748
44.3059	8.48375
-21.0788	-1.58773
52.8249	14.5945
10.9397	6.87037
15.963	-55.8001
38.4153	-13.1045
-19.9531	1.88295
-58.7784	7.94755
39.2857	-13.3021
30.0065	1.96253
38.1119	-2.92471
-10.0178	-39.4632
11.3286	2.03514
-25.5192	2.62596
35.5477	14.1787
2.16323	-8.08423
9.32992	15.2007
5.28394	22.0233
-50.7172	32.0406
-14.1181	16.623
-0.784255	-36.0506
31.7869	2.61569
-4.43355	37.7865
-18.4185	9.73798
22.6942	-54.8915
-0.87679	33.8602
12.3128	-13.4156
-27.8609	8.57391
45.4292	-14.9873
-29.8677	-42.0132
30.5116	3.98937
-53.4531	-11.1481
-5.0251	4.32207
23.3953	9.92654
5.82139	-29.5761
18.1566	1.41335
26.7755	22.9518
-14.895	-19.0466
17.2864	0.182112
-27.4181	13.1945
-40.2639	3.74435
-41.4653	11.1212
-21.3578	-29.4354
-15.7794	-2.96969
-7.283	-58.5827
-40.348	-23.0634
-43.7038	-6.80057
-31.5294	-27.4846
-18.4903	-7.3715
33.6316	-34.2904
33.5174	-30.6982
46.8551	8.3001
1.11543	-1.15298
-28.1671	-37.6704
27.5634	30.534
-2.49125	-22.9603
2.47001	-40.9309
-7.67436	50.7748
46.7721	20.6557
-44.1302	-3.68587
24.7192	23.7997
-31.8336	-37.2228
8.57503	10.1835
-12.7662	-35.4919
14.3771	2.59817
22.6916	30.2947
-2.5377	18.8031
17.4805	1.56437
9.39234	-47.7769
8.48973	-32.1071
