-63.4075	208.433
-14.4774	-78.0919
66.1447	93.0745
-412.727	-206.103
22.4719	-120.594
-58.5057	-146.125
443.014	16.7734
-72.6262	-72.4899
94.4104	-8.11949
-184.865	-176.143
288.402	-236.493
257.629	147.162
260.09	-395.616
164.101	123.167
-378.974	226.992
69.5486	135.136
-2.28533	85.1088
393.288	290.952
-18.0515	70.1808
-109.726	24.3779
128.958	-33.723
-31.807	-93.2451
-43.4518	43.1156
-307.652	67.087
106.637	184.945
-24.4496	-58.3864
104.354	-30.9262
71.3898	90.5975
-142.729	-59.7843
-65.7353	-49.6602
55.4461	-109.496
-92.452	-264.67
121.587	-353.191
-35.3212	-93.2332
-69.6981	-21.5597
-74.0382	-81.3435
-199.953	93.1758
314.99	-620.909
13.9543	185.171
116.894	-31.964
179.534	19.3098
178.856	31.6315
-268.65	31.141
-31.5749	62.8098
70.8452	22.2803
8.38321	-144.262
-314.665	151.39
135.772	196.161
143.672	-145.346
87.7362	49.9408
-31.6384	51.4565
-78.3035	-29.2503
-73.5867	22.1099
358.806	17.8857
-265.729	-488.761
141.186	169.955
-201.142	324.26
-188.164	216.23
466.325	-86.8595
-182.326	65.613
8.04417	64.1845
54.7683	59.392
187.759	-252.138
27.4377	-216.221
19.385	82.1796
250.865	-17.2374
158.059	29.1886
-31.3322	-147.319
-155.19	-31.1865
70.9222	240.903
-93.4002	-59.0051
-217.552	100.97
61.5322	-255.547
308.153	-165.04
-138.47	218.75
-57.6145	39.268
-366.634	85.3445
-147.077	-456.628
95.3554	85.4033
4.93887	167.066
-184.775	-148.893
-2.80632	124.511
-67.5183	56.4299
80.4877	28.3132
38.2678	-98.7351
-446.921	-145.534
56.65	-46.4437
124.456	-294.853
-74.7131	235.337
-307.681	-160.345
-269.505	384.181
166.961	14.3818
-183.921	-175.371
30.7378	-172.975
-181.291	139.855
54.5194	-290.79
206.567	235.255
77.712	-467.867
-468.22	-217.62
81.4151	24.1001
92.319	-241.744
161.417	-99.6834
82.6765	-35.0494
44.5817	-151.85
-417.935	290.812
-278.788	-106.874
28.9443	-71.1539
98.0367	79.9154
85.6657	57.9045
-51.9844	44.3653
334.166	238.963
-53.0517	443.852
66.1685	-90.5564
-69.8317	-79.5521
78.4697	19.5474
74.5387	62.1439
-485.006	281.978
-95.7418	-187.706
48.7988	504.847
32.478	-68.622
113.857	55.695
127.289	-49.896
1.98959	-132.107
215.253	25.4808
-77.9948	-70.2004
42.3582	-93.769
162.528	-28.1613
64.6968	155.053
-114.17	-222.742
-1.57992	120.138
-227.685	149.249
135.111	77.519
89.3741	115.246
-28.9613	71.8157
335.524	36.0055
53.5444	-40.7713
61.3273	-81.65
24.5089	-259.946
-203.123	157.239
-110.032	-156.023
-211.198	147.875
-8.43451	-502.359
-43.9289	45.7008
140.594	-182.529
41.1313	89.0663
-94.4149	53.8248
-15.3274	-61.0752
-77.8454	100.613
-274.262	-115.42
286.096	186.001
173.563	-58.596
-8.72324	84.316
-194.745	-19.3838
92.0962	22.7011
-11.9393	-407.694
42.0401	-102.818
-37.9079	165.873
20.1006	107.258
-117.581	44.0046
-9.36484	64.4314
-6.18032	-136.673
-105.203	-4.3455
70.1757	-33.6742
-251.28	-65.171
-67.1912	225.957
-66.2054	96.271
-408.032	-102.694
88.8515	62.4812
-24.9927	67.4295
67.0061	-64.0312
73.0352	-94.2979
-164.577	-94.7825
60.8421	-2.7763
-36.3685	57.2271
-100.999	-21.8083
67.6257	143.991
-109.259	36.9094
72.5125	332.97
102.854	-25.2578
-9.82097	84.3584
-14.8041	122.584
24.2632	-183.428
222.164	19.3437
-20.0514	188.006
68.0271	-7.73334
-145.874	148.944
-196.643	-130.009
206.865	-86.5229
-326.779	507.951
-69.6739	-105.339
116.694	-170.339
-4.68082	62.9865
131.88	292.882
202.421	21.6568
135.096	-65.8593
77.7816	48.658
91.5232	-49.2322
50.0487	-48.0585
42.5019	-93.6622
-90.9149	-148.92
-451.182	-205.08
-76.0102	54.6357
305.698	96.4375
-44.6309	-52.221
46.3879	-121.703
126.418	-32.9438
203.234	-82.0395
-78.6541	-98.498
123.33	83.3645
-142.935	187.671
112.526	432.571
83.2445	51.8472
-203.764	4.38268
-43.2314	-63.2796
-44.7792	161.204
-235.159	-372.474
-71.0725	-328.551
-112.866	42.8297
14.1595	140.308
90.803	-30.2471
36.7292	114.737
17.9506	-130.583
-249.654	43.2773
-81.4008	7.65473
-20.8583	58.6728
-123.795	-271.988
-123.551	-44.2748
-124.773	0.626712
23.8642	62.0898
-85.5162	-17.9548
-42.7084	-101.599
-50.9865	-43.0547
107.747	-48.9647
-69.3323	-51.1509
108.383	194.017
222.419	220.11
11.9094	103.296
188.598	-347.093
347.388	-109.795
-54.7298	-78.4473
-8.30305	-254.746
336.811	61.3198
-8.92304	194.729
-236.707	-187.366
44.0143	231.61
77.6683	12.5502
-29.2901	158.468
52.5283	-30.4263
272.506	-107.845
-193.626	-46.9424
-238.745	-242.985
-62.4299	15.7336
84.2675	41.8054
105.11	-271.137
-3.54962	-176.993
-113.005	-103.082
96.7896	-86.6972
97.4493	-109.605
137.621	479.337
-154.132	-49.2811
-122.976	-468.458
48.8774	-88.9098
-115.299	84.5334
92.2708	-55.9485
179.043	-36.5203
-415.796	-272.155
-115.698	-61.9257
-169.837	-35.4955
-285.321	-258.611
-13.6455	292.635
132.252	73.9464
68.9935	30.6164
150.339	21.1941
-159.917	-9.21183
50.7496	-75.9879
42.2527	-62.7923
74.8356	-60.5763
380.077	527.88
-119.615	625.317
-427.865	113.051
-512.835	325.239
268.22	-23.0997
-92.5092	-190.725
236.123	101.351
-260.281	-122.546
-420.19	-506.342
44.515	-48.3307
-357.23	58.8048
-86.3832	9.46758
190.056	25.896
69.2837	77.7841
-36.6771	111.362
-73.0107	-21.3026
82.3229	30.6395
124.137	-30.0911
65.3856	-2.15539
54.5801	34.8147
87.3396	87.5456
-73.7682	-42.6752
-33.8015	71.7307
-65.4477	121.138
9.5616	-327.93
-67.8037	-120.469
-83.0108	182.459
-91.5697	226.156
-128.509	-29.492
40.5136	142.033
-241.887	108.949
-181.665	25.4622
-190.328	472.844
-93.7968	-74.5643
93.5635	-69.9241
-3.78435	64.1626
594.426	-203.205
160.151	25.3365
-257.456	-422.238
128.755	-215.629
441.404	256.427
199.856	-160.238
602.361	-111.251
-127.761	-21.6023
-452.513	76.912
-10.1498	215.579
163.976	84.0664
387.379	-180.869
-60.1263	-20.8349
128.879	25.8548
-337.332	108.794
229.423	51.7503
-26.1758	-99.4838
257.168	242.05
10.3019	67.3813
-106.19	37.188
-82.5973	-176.906
-59.7423	26.6576
82.7174	5.63538
-30.4866	134.666
-63.0422	80.0561
-150.556	-566.667
51.5671	95.4421
2.51911	-105.503
-138.582	603.008
-132.584	48.4775
81.5782	-71.4318
-62.2814	-26.4475
-100.571	-137.026
-161.725	-72.8782
-26.8962	-323.895
-332.892	-128.183
21.5232	101.969
24.9306	66.17
-256.097	38.5671
-32.0969	-109.839
70.4715	-11.3375
-159.302	20.0961
-26.2368	420.471
210.469	56.6249
71.7933	17.0463
22.342	-105.154
-34.949	92.2156
-295.827	34.9089
-110.248	-27.3396
-61.6149	165.523
-42.1744	127.393
90.8023	-39.0207
-64.1711	-41.4101
276.137	145.012
83.4975	26.6158
51.8782	62.5655
-30.9748	-54.0624
-126.892	335.105
-231.102	-106.68
-105.287	-114.35
115.551	-20.9888
-7.58512	66.4758
-58.2716	-17.1914
-0.454884	-151.98
193.841	315.077
46.0021	125.416
17.0047	80.4991
247.506	-449.333
-11.6209	-92.3061
-92.8794	9.94049
-31.1583	-120.719
-86.418	135.868
599.629	-47.3768
-101.005	19.432
-267.119	-105.299
33.172	72.7119
-41.9441	49.87
-236.888	-142.711
-46.558	627.324
91.8945	-56.6465
-102.118	-406.854
109.461	124.763
148.446	237.83
-81.3379	17.7212
319.287	-105.701
74.333	10.0248
78.2569	9.43649
210.91	-46.5996
-23.6403	-78.9432
-198.558	440.02
-161.306	55.9551
-54.2	-55.6955
-105.673	-51.1714
229.806	59.7209
-109.558	-46.9428
42.8653	-45.4982
18.0879	-71.2561
-28.3785	128.788
77.9223	93.0893
-80.599	8.43006
-62.8836	-36.8293
72.6511	-121.665
-441.448	-36.7175
-79.5752	53.2708
90.7729	53.1191
-90.2424	198.726
-32.0359	-106.223
66.2025	-56.7386
-14.5312	-218.533
-217.549	-88.2975
-38.5101	-95.8876
-78.6387	-123.071
95.9905	-37.0717
132.188	85.4112
59.5211	-106.031
-120.993	-235.619
275.529	52.9132
-53.6724	-77.0804
-65.5969	47.1825
274.827	313.349
-195.32	383.334
-54.1489	86.3259
30.0759	196.186
-116.91	140.124
-76.1152	-26.707
-63.2599	-161.137
158.258	14.9287
-304.451	-77.898
-188.872	140.03
132.98	20.5343
-111.968	-6.44643
-42.3614	129.068
9.14075	130.307
-27.1683	61.4431
-166.85	100.341
359.816	201.802
-180.062	-52.683
-36.7954	-63.5581
113.742	-177.277
-291.006	-220.502
185.395	71.1849
22.152	-59.6287
301.654	-465.172
-234.552	-92.6256
-585.094	222.604
104.005	0.71243
88.9894	-127.091
-153.06	77.7337
-30.1486	220.061
126.591	-87.2103
76.2095	-21.3777
-58.5765	18.1785
194.216	41.913
39.0892	-72.1543
-56.3373	132.305
-127.693	277.155
132.608	41.4357
39.5129	-53.008
-30.1171	-297.506
-181.122	-311.08
-70.8571	98.0589
-22.803	82.5472
-40.9995	-86.0313
-174.353	29.1511
222.484	53.14
100.591	86.1065
-198.326	37.1131
86.1668	127.796
-44.5773	-59.4987
114.124	46.0043
35.3981	-90.3503
-85.9371	250.341
-51.136	-102.57
25.7482	-56.9569
37.4471	243.573
112.712	293.083
-106.783	-151.255
57.8355	43.2207
326.607	131.29
48.4742	-48.5657
210.17	56.3904
-10.4433	-68.2963
-163.06	-34.6982
-564.696	164.301
206.815	-134.133
71.9701	12.1097
-77.019	-72.9335
-84.481	-7.90684
60.7242	10.3258
53.4659	195.3
223.332	-188.184
97.4864	117.736
-49.8295	-40.6097
-62.6313	150.068
-104.237	124.573
-71.7133	146.978
-80.5604	-231.102
5.21437	156.809
-37.7559	85.983
25.4421	-152.29
25.3296	-139.062
33.3933	85.9242
-94.0754	-62.4586
-96.2068	-111.052
183.437	66.904
-56.7434	148.375
57.407	109.195
-193.735	-648.481
274.235	-129.356
119.832	-65.3577
-135.851	29.069
-18.3814	-64.221
-32.3623	88.7594
85.2441	148.464
-296.726	-491.299
73.8364	50.0493
110.019	88.091
-56.4609	-69.9706
84.2605	-35.3895
15.9048	-128.574
51.7413	82.5977
24.0175	-462.544
-90.078	25.5082
87.025	10.2492
51.5009	75.2337
68.8827	-117.694
-106.226	52.8231
-36.5308	-180.699
-148.909	77.5316
-246.589	416.914
-321.637	-535.603
156.331	283.134
-242.439	-320.06
481.676	-296.988
17.9865	-119.351
292.527	198.403
32.8926	75.7114
25.4599	-133.355
-33.1359	-91.3449
239.837	4.24367
-122.961	-398.421
-47.6562	83.6101
-236.214	-400.816
-150.129	-79.2195
32.2161	-53.7499
120.454	514.456
-89.3706	47.2704
-49.1254	-88.2105
167.779	-40.4173
73.9681	-9.24452
-114.129	-128.972
57.6386	-125.625
25.9193	60.8936
71.2414	-115.389
-165.266	-152.674
-87.4861	17.8097
97.0486	-56.7499
130.713	447.656
143.594	-12.8431
95.5004	254.947
-87.3083	53.3745
-66.0062	44.8002
-249.474	17.9298
-38.835	172.374
52.2742	-31.7141
34.6258	-86.7156
-303.332	-297.743
-30.5496	91.8559
104.1	-89.3422
-33.0994	-83.4982
-228.902	29.0319
217.268	216.103
14.5027	-129.966
-51.3656	-397.252
229.358	-39.3273
-51.8184	-284.491
-580.41	-138.642
-152.655	25.7027
20.9246	-118.31
38.6337	90.4721
-66.665	232.869
-55.8094	-44.2668
327.798	-426.387
121.71	19.4612
182.956	2.86812
-32.4383	-121.302
-34.9672	150.561
68.4786	162.415
462.592	252.405
-129.049	-78.8014
-86.169	27.5016
95.3353	-35.2889
59.7117	98.1215
-20.175	145.724
165.094	-57.2453
-111.788	278.913
-69.7345	-162.495
-105.079	-26.8124
481.955	213.714
77.5517	-90.5998
-3.81868	-171.383
85.4405	499.818
-262.701	-448.503
357.377	-22.4999
88.8045	-54.2707
-30.6844	87.6052
-44.3302	51.5361
-26.2553	59.1952
133.586	34.8564
83.5985	210.434
-325.655	-396.938
-359.846	212.205
32.8326	-111.702
-110.891	228.69
37.6287	293.039
162.668	-78.4829
-86.8067	-55.5853
-102.837	90.8253
77.609	51.0343
34.9963	-52.4795
-78.0941	-26.3168
637.269	251.699
-65.21	-308.847
-41.7022	-171.802
131.826	36.5602
-228.839	224.481
-181.663	96.1666
-157.225	175.548
3.86989	192.57
171.085	-53.7563
-3.23418	-79.4671
-51.1771	-67.5742
-13.5726	80.1392
-59.9744	-76.6439
-307.26	-483.109
10.9332	93.3437
82.6723	-105.173
-220.075	105.032
-75.3768	-81.1474
-257.817	122.686
-57.2611	18.1671
-463.774	210.121
57.974	-60.4646
-35.6833	68.6116
75.6102	-68.3903
-59.9533	123.878
-69.5051	84.6809
-61.1958	9.47729
6.02696	61.961
-24.3231	-84.0364
-0.457046	-328.242
35.213	-92.7832
-7.13627	65.8584
-44.7816	91.1295
-157.143	47.6824
189.136	39.5881
-18.554	-60.59
-358.951	22.9958
93.1948	296.161
-71.571	64.3251
-74.8859	-59.3569
238.408	-235.099
196.876	45.5414
-131.708	138.479
-62.3301	130.898
103.707	80.0192
51.0731	110.969
-69.0315	-4.03573
-139.559	80.94
-132.617	-163.541
108.882	99.9319
12.8379	112.633
61.4618	27.0016
259.907	-130.715
-294.8	150.324
59.6288	-683.121
-62.7631	17.6785
-8.42138	-73.2417
173.652	-51.0215
54.2279	78.01
75.5851	84.3009
-118.539	-85.7849
-222.26	111.141
51.3591	-527.642
-25.6425	89.5048
80.9292	61.7373
101.058	-59.0653
66.7583	-24.7624
45.0633	-48.8967
28.025	-145.839
-86.9969	-51.2153
-204.505	-215.759
-51.4724	229.448
-74.1972	33.6065
80.0962	-129.811
116.039	-185.092
-31.9259	-128.361
136.154	-22.3782
-120.826	75.1478
127.788	32.4178
252.336	99.9738
58.5867	84.1997
-165.059	95.1914
-20.485	-205.578
-114.277	-18.8209
104.678	-23.4756
-70.4735	140.855
-428.325	34.4112
-51.3967	151.591
11.8042	-116.595
110.681	122.074
-20.0324	-172.723
-459.72	408.761
49.0476	58.4105
79.9392	57.6351
201.179	251.951
126.113	537.566
-206.773	105.403
390.582	-130.723
87.9766	63.6578
-135.086	-172.442
53.8704	36.782
-14.5908	476.789
400.022	-218.508
124.747	-222.341
76.8924	123.639
106.752	-0.725204
-193.248	-323.567
315.471	-380.2
-98.1322	89.1207
132.62	-121.21
-111.034	3.3451
187.971	86.6519
-162.394	-31.031
-144.067	46.6399
-127.697	-40.7222
362.253	-61.7418
-523.467	-24.2795
104.525	-162.438
-49.2749	37.6745
-268.893	636.05
-152.861	-91.4793
94.8923	-20.4727
59.7855	-31.4348
-108.936	120.066
-275.551	-75.271
-154.32	1.66064
533.013	-239.786
145.744	-260.665
-85.9737	-392.536
94.3603	567.203
-44.5864	-109.475
35.2539	-211.025
97.1242	77.2807
60.2761	21.9621
130.707	17.0341
81.5315	-178.723
-45.0277	-47.4751
12.9439	-61.5865
253.136	219.24
-260.302	-60.5068
66.3539	-18.5562
147.675	-24.4912
-107.342	-133.01
-111.701	-28.145
-535.691	-312.25
-123.443	185.168
-28.2136	88.5858
-404.561	374.913
-38.191	-56.0775
307.326	-339.322
-264.662	156.973
-85.1141	-11.5893
-75.9232	-3.79617
97.3518	-56.0353
62.4588	-81.4196
40.0753	211.898
-47.8237	-45.7552
64.4969	46.4216
-64.8564	-29.075
-457.312	-66.6126
-57.0746	54.2001
38.0062	55.281
-105.301	-108.159
119.738	-173.609
-83.0689	4.19397
23.8767	60.0074
-93.7246	-32.1703
-26.3823	68.7102
257.676	-327.253
-58.2549	34.5364
489.06	101.159
67.1075	-128.816
-133.735	-81.9081
292.805	149.263
-44.7179	-60.528
-434.598	-235.663
-62.8597	-683.545
276.558	-111.377
349.462	492.617
-16.3274	59.2919
-158.116	171.782
250.931	-276.266
-261.194	6.27954
87.0909	-2.95397
125.029	-84.6085
32.3689	-50.532
-41.064	555.907
-83.0065	33.0229
6.31039	-77.367
-29.3559	-130.7
1.77826	-111.878
-43.2593	53.3626
29.6055	-200.456
102.696	-67.534
123.084	230.548
-18.0236	57.4164
-78.365	4.57564
-281.511	-499.125
40.0306	110.68
-76.6576	8.09958
-94.0293	-48.2769
-482.992	128.977
98.8482	-66.3545
207.586	-22.1568
42.7037	-231.879
234.799	38.9873
33.245	-76.0351
-655.63	226.793
101.771	73.0595
87.5908	-191.046
-80.9535	103.4
2.45325	91.3539
106.481	40.9103
-269.818	353.077
-417.648	-372.771
-41.681	-65.9591
-153.985	-74.9456
6.72658	-178.621
177.073	-4.83688
-106.945	-5.00064
-60.5208	55.9449
-43.7152	117.157
131.108	-335.73
-1.1765	239.378
14.9758	-151.168
67.0143	-49.7821
-88.7096	64.4066
99.9338	-20.4048
-52.7156	-82.2228
48.6904	-113.154
4.06736	65.3614
59.7703	22.6736
5.97287	62.6333
-40.8036	-91.7073
-15.3013	-172.525
-97.3025	-22.5319
373.958	-247.183
77.9386	102.028
117.716	-93.2569
-108.876	-249.744
72.3336	38.4726
108.802	96.583
154.529	-11.2987
49.6714	78.6336
-438.954	-45.0127
-177.646	-4.18335
-251.347	-125.332
-367.967	-208.516
-6.29835	69.9934
-41.1886	-109.094
-236.948	-214.727
-5.0246	133.653
-17.651	70.9958
-6.5045	89.7992
-53.2831	-64.9193
47.993	-51.8641
161.508	-121.2
28.9216	-75.2446
-9.70317	73.5776
-85.3641	-99.3623
-110.47	97.4514
14.0359	109.405
-245.533	-315.422
79.7124	164.984
7.62761	-124.755
129.652	-307.442
244.142	-332.31
126.781	14.203
117.836	227.838
-43.6654	-305.957
98.8769	-40.8941
-112.639	53.3448
-20.778	62.8278
16.2197	-136.509
-484.385	-389.47
37.4984	-77.1061
-160.178	149.433
-89.6832	112.856
-84.0315	-71.0159
380.47	347.501
-61.9163	107.759
89.3777	-60.0303
-150.641	324.668
87.2508	-58.5217
84.7965	-38.488
110.608	-84.9867
38.1144	-83.751
27.2953	-110.24
73.2635	-34.1984
-119.144	-45.2943
-144.733	-140.153
103.19	421.361
33.6605	-93.7601
76.6033	-168.961
-18.3567	310.001
134.138	-1.66066
-50.3661	143.857
74.9578	207.7
19.3572	123.96
-75.2169	-30.1399
21.813	85.8751
-34.8504	51.0741
-82.5869	-136.437
64.2782	-84.8724
7.84845	92.4569
-53.8079	-86.2802
-211.294	1.83858
85.6674	41.4738
55.5418	-190.375
-74.2255	-91.2866
19.8675	165.49
-33.7653	54.6883
-299.629	-415.573
-23.6265	301.884
220.485	36.8874
69.0554	46.3595
209.496	105.359
10.1024	178.155
-89.676	33.9112
-89.2461	113.57
140.488	-252.44
123.386	-156.115
-107.604	88.8735
122.799	-63.4013
3.44877	212.899
-50.4548	-66.3765
-87.1651	1.66424
-60.3604	-2.8446
73.2241	14.231
-236.997	55.7016
188.373	299.281
161.06	-147.43
68.2546	-32.5142
72.3982	69.6272
-305.116	-6.14886
-23.6767	-76.2305
-54.06	-80.6421
207.506	-5.98389
77.4105	72.5682
-97.1236	-96.6944
-20.2085	-125.677
-24.4435	-144.764
25.5913	-67.5776
-59.8348	-295.875
37.6023	156.893
-19.8089	61.5331
58.6947	37.8695
-161.708	131.927
-166.294	-74.2119
-496.135	140.279
-111.883	-101.999
154.854	-208.38
-380.084	-60.9427
40.7553	-47.8339
119.11	-55.194
-67.7339	31.3524
-78.6238	-161.905
8.67717	175.655
82.7585	-66.7165
71.7882	54.5954
-50.3112	73.7668
19.5997	-327.275
189.218	-74.8602
97.2124	16.6463
-27.4502	-78.7595
-284.81	-370.752
-55.9203	-61.0721
-34.3751	87.886
50.697	44.515
-195.637	150.471
-178.475	-295.349
-161.764	227.993
42.4206	81.2819
60.3378	-12.3247
-78.459	-143.493
152.638	277.529
-70.5584	-43.0335
-69.503	5.54306
-201.081	97.456
109.089	-61.4639
-74.0298	-176.137
-41.8182	-141.161
-161.82	-7.55806
134.127	25.3098
-14.8796	-381.493
-261.349	564.645
-93.2311	182.713
86.9205	104.975
-289.236	325.171
-37.3161	-49.5921
-46.212	-113.659
172.956	95.875
49.8683	-46.595
260.5	-14.4729
-143.051	236.644
80.5553	-6.83567
35.8814	59.5548
-218.144	445.312
7.40772	150.341
-329.113	-519.518
-106.025	109.806
-93.7548	-97.5324
6.08271	75.5079
139.773	-28.8212
110.21	19.2009
-93.6871	-260.42
-84.8365	-222.475
38.6599	82.2548
-15.1365	-285.277
465.645	-86.1931
41.721	-49.7925
-267.317	-112.486
241.659	202.466
74.5354	24.0038
403.214	84.0575
-387.501	105.473
-36.4534	-186.912
44.6294	-173.035
28.2225	95.4201
-0.369743	94.1056
35.4296	61.0843
-315.385	11.5171
200.942	345.334
329.215	8.75199
-67.2482	6.79978
5.09037	-70.8655
302.786	-417.839
-29.5851	-58.2322
356.004	-40.8778
-110.984	527.847
-66.3294	23.2962
69.2089	31.5835
-111.755	-252.61
82.3114	86.9847
-62.2647	-39.1715
-76.7783	-26.7746
78.3805	39.4665
-118.569	-36.9235
86.9119	-227.768
60.93	58.6708
-52.1279	-86.5294
28.354	-190.073
390.046	-350.108
-272.646	164.315
46.3126	47.2387
-79.6256	164.442
-237.949	-100.192
182.675	-308.781
23.5373	144.637
-93.035	-53.0509
70.2826	-186.752
185.887	-110.194
-230.358	12.1252
-6.95106	84.3472
-79.4766	-64.4975
275.105	234.111
-5.6874	-97.6938
59.3408	131.1
36.1401	58.0126
-61.0872	32.7485
-25.4171	-66.0137
-176.591	-87.6137
-19.4196	542.251
83.4568	-54.2868
57.8294	357.387
-76.4418	169.122
63.1904	89.6308
-104.596	39.6134
-226.02	50.8164
598.735	21.7848
-177.141	-18.8449
172.696	194.619
85.3118	35.1573
174.364	317.824
-31.7015	-57.3971
209.462	-28.4951
60.2589	73.7668
134.567	-27.5998
-110.214	-4.0337
-395.583	143.628
148.737	139.143
-33.1374	-110.305
-60.8718	-16.6557
120.897	84.8832
98.9326	164.731
-41.3073	186.849
105.042	-36.35
-178.958	37.8774
-102.469	-28.567
294.967	-181.02
51.3925	124.325
31.0244	-56.8384
-65.0879	66.9986
80.5094	-52.2753
-100.917	-37.228
230.396	10.2011
-2.47705	-64.4282
10.0128	-68.5953
70.421	122.491
-201.814	204.205
21.8254	-173.147
105.08	-72.5113
-64.1893	-57.4821
25.6097	-129.766
-77.5164	45.3419
-45.4723	86.4052
71.1764	-8.61061
-45.7241	-66.2115
68.2045	11.097
26.967	237.709
-355.477	-247.86
-0.444494	-97.8466
56.7497	-174.173
-7.60469	-78.2702
53.4128	61.2057
67.1892	-74.1613
-66.1228	-287.307
601.155	-287.461
207.364	-175.363
131.011	126.847
-136.312	215.355
14.176	-151.723
-167.57	-59.9404
60.9303	-33.227
-2.97249	-67.9519
-110.982	-31.7884
-14.8173	-96.3135
477.57	229.056
485.625	-204.926
-10.731	66.2982
-229.156	130.459
11.8181	-171.923
-61.7329	-195.726
-43.0245	100.584
-102.969	54.6778
54.3696	-89.1741
14.9244	-60.2879
-9.27681	-76.1961
27.8102	-54.8107
-316.042	-200.12
69.6347	2.32768
-113.923	-18.615
-125.274	39.2975
39.2692	-103.427
121.192	-37.9272
-24.3589	183.771
-177.784	41.4466
-118.088	540.999
44.5853	-120.22
30.5538	-56.1013
211.334	-29.9779
-84.9808	-1.87402
50.1941	171.83
54.1371	42.576
-332.24	-63.8741
232.626	-503.038
-33.1934	-76.7027
-3.27373	75.1967
30.445	63.9285
-141.819	-166.282
241.941	150.935
95.8961	45.8253
465.819	-136.113
70.3131	28.7522
61.6289	-39.9856
-36.0756	264.508
-124.177	107.983
191.533	-67.9263
420.746	22.1599
-57.6176	88.4242
70.009	38.9187
51.1015	83.5727
23.2619	56.0552
-167.654	-241.013
-673.077	123.679
35.1884	-86.613
72.5958	3.50046
-43.4442	205.862
202.211	93.1664
-57.3122	-95.2667
71.5989	2.26529
43.2741	-87.1491
102.953	44.8363
57.1382	29.5582
-154.552	-187.521
58.9639	-11.5719
-189.119	26.595
-174.7	-34.0235
8.77711	-62.5328
-63.1505	-14.6594
64.2335	-6.07569
298.451	-283.591
307.799	38.1319
128.042	-63.8557
145.58	103.75
-141.133	33.7572
57.0316	21.9596
-14.6521	77.1955
-47.1211	-140.512
-84.3114	-95.2522
79.3265	44.1749
-0.646943	-202.202
8.71071	-101.634
-77.0907	-62.9424
55.1264	39.5681
-390.82	-290.537
-15.397	103.893
-6.52655	-218.832
42.1326	52.7872
9.77494	-78.0696
97.1155	198.793
-56.3023	40.4576
-157.37	22.1026
9.82791	-81.5819
-168.317	-43.2125
25.3207	119.996
164.975	-99.8692
-58.4237	-57.4707
37.5198	-566.643
74.539	-133.75
-445.691	233.138
121.553	57.7627
-64.7847	-64.0158
-24.2996	-70.1907
167.079	123.169
-66.2705	-18.8938
47.1667	102.031
-56.0961	-127.303
105.868	242.658
107.528	58.3743
-257.706	-158.519
-11.8134	-67.8541
121.683	-65.7462
111.868	-13.945
-37.2514	60.5081
-296.198	289.953
144.696	-1.16531
-113.041	202.67
-89.783	-22.182
83.1099	-26.8946
57.8375	103.265
-3.20192	-125.501
70.965	290.549
-33.817	104.752
-349.351	-206.544
381.658	-8.84004
8.82993	471.92
346.148	136.906
-55.4362	56.5452
259.819	-307.769
-34.8495	-53.6269
-59.8987	100.571
76.2631	68.1911
-61.867	-27.6568
-99.2572	-98.2689
-306.975	27.3328
-61.8219	42.1695
-69.7801	-5.33642
-112.524	497.195
109.937	-139.358
59.4261	-25.9427
-218.442	-174.156
-125.758	-229.817
-36.1585	-115.457
-59.4236	323.126
-60.8616	41.9704
-421.293	-221.759
102.475	84.8796
-9.54878	76.6089
-76.6831	78.185
23.8592	-136.215
-11.5894	-72.012
105.793	97.8806
136.749	-9.86305
352.383	-140.254
-59.3291	-78.7717
48.946	-44.1344
285.17	-484.432
276.799	-171.857
114.263	-29.6563
319.198	-127.323
8.08987	339.403
78.011	-339.203
-40.6164	-114.381
127.775	-109.426
184.23	22.1391
355.995	72.0095
-52.5726	-59.5715
6.92839	-74.4332
-151.944	66.4349
-167.663	-1.60574
-27.9956	79.1214
-136.257	-16.4832
-92.1248	-89.4466
-81.3139	-70.9306
35.6189	-83.0319
157.574	-4.88525
355.343	117.967
171.062	-52.1389
-69.9086	22.9755
137.867	-147.705
-78.987	58.3174
42.4577	88.6014
163.724	216.685
168.321	-409.447
-139.677	97.1067
74.5039	-33.7293
91.4235	56.9443
-58.6532	100.861
88.3098	-71.3687
-81.9508	-105.761
-95.9202	-36.6501
-71.1421	17.9034
-127.66	-240.191
-69.338	116.664
550.576	-125.383
-170.528	-157.33
39.1649	46.8818
-73.1695	-30.9955
72.0333	157.097
-36.2686	110.337
-461.873	83.6186
104.616	99.7425
102.22	-40.4345
87.3517	82.5373
80.9297	107.089
-26.9895	-72.6395
-93.5547	30.6646
7.19148	-143.223
81.296	-19.8686
19.0632	-115.449
79.9628	-16.7252
76.4793	361.967
-589.646	350.843
-149.843	-106.248
-1.75298	158.467
-66.4587	28.5014
49.8435	-58.97
-17.7026	-213.03
-71.3348	-122.017
-283.895	-257.834
326.172	52.4078
7.28212	171.273
-198.093	-110.869
559.169	-139.368
36.0564	-282.577
-112.221	84.7879
309.238	-30.9193
-192.357	-269.104
-357.757	111.973
93.071	146.863
-340.923	-133.717
-263.913	89.5624
61.453	77.2012
63.9416	74.4197
356.277	135.01
-189.291	-23.1604
37.5281	-165.31
-282.301	83.0331
-9.43991	86.8534
48.5915	-110.81
214.594	-214.741
-30.9713	-68.7549
-84.0506	-73.7616
-99.8657	-156.716
56.944	71.9436
-45.8223	-54.7892
415.223	-266.957
91.8424	-66.8937
87.1227	-225.793
-318.615	523.63
28.7136	-115.957
107.44	-128.992
-345.952	-150.749
-67.0969	10.8587
-70.1012	-35.8955
42.3469	-160.327
-51.9281	73.629
210.254	60.1595
-113.47	-244.6
499.55	293.231
-168.015	134.84
135.209	299.533
-99.0223	117.418
-77.5573	-16.1543
-217.209	-199.558
76.6281	-161.513
263.151	-22.7379
-116.959	22.7296
-192.827	35.1577
-58.1654	152.687
-270.605	-145.166
73.4358	-9.23783
92.77	-22.0672
80.1007	-231.634
544.967	70.9665
-87.3105	-214.931
75.8894	598.763
-79.7677	2.51456
-131.196	117.062
-133.736	-115.483
-177.218	49.6376
-53.1947	-78.8822
-32.1184	92.2695
-252.189	78.7195
11.8771	-67.2699
65.3604	89.881
-150.021	676.575
-169.061	-43.1078
237.792	93.9965
30.0834	-76.2647
94.7914	199.513
125.177	128.047
35.8507	54.3553
-205.89	-420.82
150.732	-37.8483
42.6122	-80.2767
-85.4684	13.2972
31.0162	-116.409
248.311	135.88
-393.252	-83.4028
-204.239	-241.299
-197.086	18.8012
-409.016	82.5718
219.263	-0.320222
-96.5136	50.448
-30.6478	-56.9
5.51711	-92.4742
38.1845	-52.2818
-83.8979	-42.3394
27.9441	-60.5736
81.4629	-60.4503
-237.525	299.836
-348.602	-68.9369
-221.935	-29.9631
-2.97498	-70.3839
-105.778	42.0917
96.5532	-61.9765
127.628	-41.4076
-133.348	-26.0812
-15.8591	91.4013
-69.9016	77.4618
-137.176	-23.8992
-298.398	-97.0594
-8.35713	67.1417
14.7878	59.8985
-173.138	104.065
-261.276	-153.255
-215.814	53.3491
-101.269	47.2012
-74.4995	-40.4649
-172.472	17.4028
388.877	270.48
98.4281	-329.457
-178.908	78.4281
127.722	-4.3628
103.018	-103.926
19.4988	143.458
46.3225	61.2715
-69.9821	-6.87509
-378.285	477.784
-85.6902	61.524
41.619	138.009
49.0339	-71.8499
-77.9096	-154.06
-280.8	-99.092
-43.6344	53.3983
13.3164	213.871
70.6636	197.371
74.8501	92.3637
35.9742	-116.389
37.4643	49.3042
80.3539	-31.1083
84.0208	-43.9465
83.8779	-35.7272
-225.174	-71.083
319.258	-53.8251
194.165	-144.441
33.8745	414.617
-218.652	-436.525
38.3218	108.731
64.7428	490.29
6.56846	97.3518
-75.3786	-85.6561
472.261	119.264
-66.0415	-71.3505
284.48	-492.865
-444.128	-39.546
-51.5984	122.479
260.813	-202.299
-211.087	24.4609
364.841	62.8561
-171.938	-16.5059
-10.8147	75.3976
164.015	66.0004
242.509	-331.739
32.6526	-67.7874
91.759	-6.9906
-544.009	51.4419
73.8022	14.3694
39.5446	-75.3032
-387.872	-370.321
140.319	87.7151
-282.214	-69.7598
-441.732	141.514
318.298	81.0103
145.034	-48.6224
-158.024	3.63958
124.54	-81.15
19.3845	-70.1503
81.1522	148.795
244.181	-72.6295
8.67647	-97.3786
-188.406	-390.38
-191.327	97.8529
274.571	87.4733
-39.3734	50.8338
66.3427	50.2587
-42.6048	65.14
-50.4014	64.2507
-156.714	86.0145
92.9932	51.2223
-98.0755	93.4635
27.1066	57.7152
-145.911	124.281
-42.774	-52.7496
242.118	31.489
-72.9731	-125.866
-24.4956	198.212
29.0885	-374.254
67.7568	-4.52807
73.6845	-38.8861
99.1702	-33.8895
43.9873	-321.898
5.99648	223.146
450.272	-0.545983
585.157	-265.098
-58.9742	70.353
9.61341	-196.009
-32.7735	-132.852
143.239	59.103
-150.18	-27.3249
53.5901	-35.8495
93.001	-65.4693
-83.8371	134.426
104.947	202.368
53.2151	-78.7447
-108.58	82.3115
-16.4167	-93.3521
-407.303	-161.083
-55.5979	46.0691
-44.395	-40.3731
-186.402	382.443
-504.86	-155.54
7.3998	-105.976
-262.999	-220.677
171.553	34.2896
23.3768	-141.676
27.819	-123.013
73.0525	59.6172
-179.341	-652.287
50.8417	307.451
-84.6525	-64.824
152.337	-70.2765
-85.3042	304.812
-181.785	15.8364
-6.68681	152.634
-184.031	-148.46
-158.075	-235.183
-153.066	-415.674
-184.465	-236.655
136.313	111.082
-110.414	-104.962
46.3683	-123.635
172.856	2.86281
-197.526	-275.769
-25.1539	173.366
2.01894	-149.631
-136.583	30.1804
-41.8476	-76.0699
30.7782	-72.3249
111.777	65.2057
-141.106	-136.624
-42.0143	-101.061
-13.593	64.5571
22.5683	83.901
0.265545	-73.5955
-59.5131	314.078
27.7402	-105.386
32.0089	239.326
101.948	-61.9159
-155.709	27.8555
-66.8365	-31.1289
106.334	248.76
57.2097	34.617
79.4448	43.7809
-438.662	-472.675
-26.4118	-83.5629
-346.339	34.8795
41.8766	94.6041
152.362	85.1014
96.9308	-26.9676
53.3296	-94.6517
133.536	121.483
51.2098	-65.1645
44.3385	224.248
-242.823	225.985
97.8562	339.649
426.059	235.349
291.465	250.624
3.74236	-60.8335
-31.1035	-83.8041
106.934	30.0487
-41.2897	93.7715
-161.487	79.9543
31.5335	-67.8638
-77.6377	-26.7031
-57.9037	106.909
-86.2836	17.4356
-11.0084	-213.598
-10.7939	238.914
-162.196	-236.514
-73.0431	-36.7987
380.163	-42.1063
19.2391	-166.5
34.5813	171.102
-91.2331	-110.86
-472.232	294.036
-76.8958	116.443
-18.7871	-81.6229
-5.63868	354.011
103.405	-299.002
39.487	-97.2314
184.537	-300.397
-8.34504	85.879
-71.7692	-110.844
116.442	-155.085
149.085	-66.1862
47.3401	-51.2179
163.28	60.2074
279.69	-97.5267
-102.917	-4.20997
-90.9226	-31.7162
92.8241	-164.809
5.30251	147.928
-33.4302	88.011
82.9274	172.093
-448.017	87.472
140.031	82.8176
62.3892	5.08108
206.389	-0.441109
2.20323	-506.973
454.546	-195.538
-66.0345	221.51
-212.292	-324.667
-240.279	238.639
126.333	-116.194
61.9896	3.25833
-80.5619	-34.4456
81.3673	155.585
-146.874	-68.8289
92.9864	7.249
84.9682	149.66
8.51675	-123.473
92.0302	-42.7334
28.7958	145.884
-129.124	-137.957
-42.8636	64.0381
51.3272	32.6696
91.4716	-110.764
-204.938	-321.809
308.789	-424.921
-103.113	338.107
58.2872	-21.3929
-223.906	232.119
-120.141	57.8872
572.166	-275.975
-57.4062	-141.428
-83.8201	32.8747
24.0736	55.3065
-64.7062	20.3526
570.982	-51.4675
-44.9167	-144.659
51.3921	67.5449
-68.4934	-65.0719
-44.8893	52.7198
17.9015	95.1613
-332.639	56.6654
-18.6403	-157.526
33.8461	87.8483
-37.9834	135.694
-187.775	-128.833
-66.8012	3.39643
-622.026	246.587
-204.455	147.594
389.165	143.153
-64.9967	-72.9041
71.7568	-152.834
-26.9081	-291.677
-46.2195	-221.088
-69.2047	-44.4188
4.88997	-84.2793
-202.555	103.619
30.8749	-71.5374
463.99	5.26476
27.8831	-86.9181
300.673	607.18
-458.612	53.3022
84.5174	-117.124
-42.2315	-65.5715
-2.93004	130.113
-58.3376	34.9962
330.003	161.295
-75.6291	-13.5672
-16.6693	104.011
105.035	0.0613079
-470.839	256.974
-177.224	97.0217
-112.387	273.22
177.134	-47.2012
228.447	11.0277
92.1498	-12.3458
59.1123	-69.2502
-154.453	1.57742
-233.707	-124.088
265.597	252.662
-386.949	-31.3885
-63.3882	103.635
-2.57352	-198.795
-2.6791	-255.127
120.685	161.308
-48.2455	63.8301
52.0058	68.0358
5.38891	108.904
-78.4208	-68.5029
58.7767	-30.0745
308.834	-97.2271
288.446	77.4493
-40.3959	97.2729
-74.7201	-206.978
145.778	211.838
156.733	-37.6828
442.617	-190.558
143.128	-220.826
-5.6788	221.024
75.8775	-30.7147
-123.828	-14.844
147.184	-121.95
72.8816	88.0056
-182.071	-444.144
-40.648	52.2084
-92.8569	40.5805
-259.485	223.756
59.5321	-221.391
73.826	-118.011
199.772	189.826
-65.558	-211.32
-50.3374	-132.411
39.9678	53.7883
-12.6385	61.0098
-15.1673	-294.89
-140.076	253.332
174.675	-121.271
26.1269	-69.7177
-31.16	-53.0732
190.006	113.301
-19.2405	-294.657
246.287	-296.117
-198.747	-154.674
-28.5768	-156.533
-237.852	298.637
-4.10994	-227.023
-53.3898	34.0625
-161.302	509.786
-75.0928	-28.1261
158.917	-132.914
89.7375	1.79306
-3.07207	-178.45
-53.866	127.354
-200.487	-75.8343
-411.436	377.301
42.0003	45.7332
472.955	-29.1184
14.8501	76.8093
-69.6566	-19.2771
-64.3364	56.1888
45.9599	-54.8137
48.9774	-115.947
7.49827	239.841
269.223	-375.847
37.0858	-48.4082
372.301	528.904
-93.0027	-113.747
116.648	231.267
35.9323	62.8856
-43.5454	91.2473
-28.7353	-55.6821
-126.734	130.756
-217.508	-413.317
-7.24118	176.975
175.554	-79.7458
52.7141	-50.8491
59.9073	66.6904
-2.62209	-90.6288
86.6154	76.8931
-25.2598	-182.129
37.8861	-86.5961
-90.8871	144.996
49.3732	-230.591
121.964	76.2782
-99.2715	15.3436
142.618	57.2152
143.585	-168.596
181.697	119.705
594.165	336.705
-53.9922	-68.8028
-209.347	-42.3926
-125.746	5.50329
56.6367	389.639
21.2955	112.087
-148.427	-107.344
-74.8711	-165.822
-220.812	36.271
-170.987	132.068
-13.2239	140.716
-388.305	-209.321
-335.676	-169.463
-81.8853	-59.334
-249.425	-544.478
10.8512	-60.4007
-63.165	8.67082
39.94	54.9295
-36.0412	67.4135
-92.8976	-2.9697
96.5524	-26.9566
56.1213	439.612
-1.31737	-187.499
165.765	-15.2037
90.2252	180.386
-166.626	71.3909
-17.6547	296.332
-378.291	38.3642
102.489	11.8499
28.8112	69.5263
91.7003	-170.697
-146.234	-69.0414
80.7735	-355.732
5.13303	351.205
17.7116	-219.28
103.96	14.2238
163.061	-19.8644
-71.561	-79.3265
-75.9693	56.9293
-33.064	-149.148
266.729	-93.548
63.8636	-161.805
446.247	3.24242
137.166	-161.16
-224.176	464.737
103.585	40.7442
71.3874	4.8582
103.378	-11.0249
40.1602	45.7045
-10.6982	266.967
-150.874	-610.456
119.308	16.2065
208.931	-277.585
-38.6857	87.6924
-53.4976	77.967
23.3003	-120.918
59.6896	77.5485
-125.77	-126.491
-267.412	-77.8217
232.278	-337.977
-249.586	319.859
-133.111	621.444
-113.116	-56.3491
97.7836	-60.2182
-16.1623	-61.6113
-170.453	374.768
-278.078	-159.592
-256.412	-256.1
-49.8755	-102.181
37.3888	-299.838
-50.9221	-95.6463
-154.629	141.338
-184.581	46.299
59.3962	-33.3299
-341.927	203.84
-59.0905	-60.5184
667.087	-142.701
-110.007	-41.119
80.7831	115.816
-539.867	-205.869
55.9199	-91.9287
-55.0882	43.999
38.8383	141.505
69.3319	-20.7121
-223.797	371.633
29.0374	-59.4618
-84.1979	-40.9216
145.074	-86.6843
24.1006	129.439
-65.6648	135.823
61.5693	41.1298
-73.892	166.005
31.7474	-109.069
-91.3456	-66.8581
-21.9692	74.4476
93.3952	-22.6016
120.498	-144.851
-235.759	44.5464
291.66	-313.956
-201.006	-225.778
33.3633	66.8355
201.432	-42.872
3.1217	357.528
23.8067	-102.303
551.719	-217.692
-265.984	-158.153
46.7168	141.457
99.4073	-316.99
-119.147	477.867
119.119	-17.2351
60.5988	-482.105
-232.587	224.917
144.026	77.9866
61.9651	-102.058
-574.522	-66.845
-471.29	-67.0924
84.0136	-48.5987
194.306	60.6207
44.0361	-61.5903
-76.8516	-49.8716
175.511	-392.695
-217.899	163.625
36.509	-55.1508
24.2418	-256.319
-12.2591	80.5926
-49.5235	-65.5201
116.814	-33.7251
-45.4258	92.0862
275.414	-58.4661
38.8725	112.065
-175.49	37.159
88.9809	-131.581
-12.2548	-90.5359
2.45326	239.757
-159.362	-374.117
71.1535	525.556
103.506	57.469
-98.6145	75.4153
502.538	-35.5548
-132.412	66.374
-10.3768	-107.088
-254.992	139.409
-61.8553	-176.644
13.9203	70.9764
-418.822	217.183
-19.2807	-88.4234
88.7347	-97.6512
-422.637	-235.845
125.968	-44.4585
-114.146	-33.0067
122.006	-249.889
0.722686	128.662
32.5089	-157.178
80.6275	-127.945
-39.5443	68.1552
-42.5518	102.845
-108.407	15.3094
-24.653	406.782
78.4523	-662.992
-6.6994	-101.682
-308.245	155.049
-18.113	138.143
-41.3135	-53.5383
0.831593	-426.979
61.7487	80.8597
-179.14	22.9437
638.279	-96.0561
151.73	73.7666
116.709	-70.9871
-23.5517	-102.795
37.0993	63.3489
-204.789	-40.1462
-79.6248	9.15511
51.1626	-366.781
-138.33	169.496
428.778	42.5737
-61.1706	-8.40592
-170.341	-36.3835
-54.5256	-146.43
-55.2641	38.3739
265.543	-198.449
213.429	164.211
-225.535	49.6869
-303.633	-13.032
-140.272	-155.955
-177.188	173.23
37.0528	64.9649
-67.5481	-76.3549
165.15	10.2191
197.761	-51.305
20.5152	64.2597
-28.8017	-59.8141
22.8052	128.528
-123.431	-159.944
-74.1225	16.0026
346.497	93.323
-68.6665	57.6179
-377.248	-419.23
-170.282	-10.9288
137.55	-95.713
-93.9298	-153.947
63.7208	-97.9201
129.353	-39.1569
84.1257	41.8907
52.7521	107.653
-412.259	86.3062
176.698	-61.6553
190.379	-105.151
43.6849	81.1371
97.361	-54.3214
-3.01282	-78.4243
213.598	-512.54
118.909	171.223
22.7286	-89.2117
68.082	24.0504
43.9506	-59.601
247.228	-217.854
-162.046	-316.973
-192.35	-369.593
-103.01	208.069
36.7343	77.4281
-176.885	63.6376
-124.536	132.772
73.3026	12.8499
-57.9043	-33.5846
308.579	-192.278
-2.38505	178.407
-487.169	-478.528
109.403	-165.728
59.6713	-138.362
243.918	290.884
145.314	372.554
-38.8219	72.8142
-49.3738	58.0416
22.4543	91.5423
232.415	429.216
10.0591	-293.466
109.608	236.508
53.5338	29.6882
-58.1653	-59.0896
122.687	-317.7
-67.7699	29.9756
-261.448	-161.782
-38.1796	-59.428
-564.631	-385.818
-156.886	47.8712
-57.6023	-36.1708
-95.2117	198.533
113.121	69.3613
57.5949	-38.511
30.7977	-156.321
158.105	62.3364
-26.6101	-70.1023
-57.9574	-42.6014
-3.16332	142.814
122.422	92.1664
9.15121	-189.771
2.7563	108.849
-47.4079	40.7487
167.929	130.976
-83.2048	305.088
-107.793	260.385
-32.4631	-51.878
-66.4495	8.65913
163.596	43.6621
-9.42805	-61.5299
98.9394	0.772815
129.935	627.295
77.1627	67.1764
200.859	14.5305
-119.018	661.023
-123.799	18.4037
-65.5386	49.2904
76.5511	-58.1904
-46.2096	-87.1891
-49.3476	-59.4984
-563.407	16.0343
24.8428	95.1728
189.709	-380.809
-154.753	-56.8423
79.3273	-101.252
-81.9627	151.976
117.538	-111.161
-75.6213	79.963
-105.978	3.43622
-180.883	-135.848
-83.1472	161.573
149.461	-92.5469
63.1182	-188.326
71.4163	135.918
-225.817	-196.805
-111.84	36.6786
-566.563	-59.1631
-214.049	174.82
220.433	-95.6942
203.14	-471.218
-146.815	-67.5832
161.308	45.9884
-94.9835	46.1371
128.639	-58.5557
-2.2334	-173.594
32.3567	63.4087
-179.049	-59.5969
135.242	4.01588
-140.647	-145.348
255.921	173.976
-273.12	222.935
-65.5122	-18.391
-29.9181	-221.34
105.094	146.59
-98.7248	50.9983
28.2471	-71.5672
-22.8205	60.7712
-82.1582	125.063
-175.708	86.3782
-260.877	294.339
-26.2674	151.782
-214.272	-394.927
67.6806	74.7298
229.114	228.207
116.313	202.55
232.406	68.4747
15.208	-66.4163
-100.122	-15.0687
32.359	-79.2916
-18.5506	68.1131
-52.5051	102.663
-187.803	-144.667
50.9299	95.0746
54.658	-258.466
-56.334	64.6961
103.51	-121.386
152.556	55.5734
-62.7791	222.549
262.07	113.659
196.148	-123.75
-124.041	372.07
-149.702	-12.7293
-256.323	-322.893
58.0481	-152.783
213.952	-71.3662
191.394	41.0182
129.909	-239.038
-10.5121	172.786
-89.8092	58.7923
45.217	-90.7051
-73.7447	-42.9157
57.289	-32.4837
109.117	-74.6991
200.274	52.1738
164.143	-19.9546
-97.7268	18.4747
160.853	-267.198
-59.1294	-98.7602
-213.666	75.6432
65.5672	-67.5578
217.509	-173.205
80.2339	61.1191
19.7199	82.3708
-161.76	-281.393
6.51789	-63.6702
153.368	-117.136
118.091	-139.865
-78.3928	26.8282
-123.075	-665.246
-23.5636	-83.9764
99.7778	6.31272
118.7	-88.2443
-187.555	447.079
67.1289	238.87
-34.8153	-153.447
280.764	-89.7951
138.27	113.964
-9.78078	-64.8324
-84.6521	-32.1088
298.795	198.26
-330.527	-46.0015
264.824	-188.137
-118.877	-299.892
-86.2703	-234.653
149.145	-85.1817
30.0114	64.2701
-158.015	-139.411
148.834	-54.6082
53.1959	77.8031
-60.1352	-90.4499
44.1088	-404.646
-84.0991	550.56
-50.4158	-91.0524
171.655	110.104
21.1808	193.153
-326.785	52.8431
83.9408	-66.2135
-78.1783	78.4172
68.3525	20.9454
101.383	491.439
254.588	560.537
-6.07464	-152.087
-209.067	30.8864
-195.633	-8.96789
-107.641	105.19
76.9006	-9.05155
-255.015	-316.986
-41.6688	-58.1998
7.38966	86.2512
-4.95143	73.6507
-258.24	248.214
470.223	-144.785
-109.946	-24.1883
14.923	-58.8946
33.7723	-93.5258
-102.489	-277.207
548.916	200.065
57.713	-60.0079
-47.6636	150.885
-158.571	-127.928
-83.407	134.961
-220.98	486.592
6.92832	-115.958
24.8801	81.3328
-398.144	182.918
64.6907	-63.6464
77.3887	-4.91448
11.7251	63.9906
-79.258	72.3824
35.0957	-449.932
-79.8311	-200.155
-19.251	74.5409
-51.0283	-33.2783
-254.599	-41.9289
20.9967	-79.0426
471.419	-277.129
-127.809	500.983
23.8166	-62.1653
-110.688	-151.942
-171.36	-188.551
177.372	-7.54908
59.3701	-316.382
8.36428	148.167
66.2923	-110.987
31.132	-130.22
3.12903	-63.6785
66.8654	-227.008
157.098	127.147
-431.19	-101.984
93.3617	-58.7504
-2.21136	-100.755
646.412	95.1704
-173.842	-43.9812
-395.452	-455.494
-213.534	-138.967
112.991	-57.9841
-14.9766	96.2686
321.282	-333.236
102.317	167.233
93.5376	-80.0627
28.5877	56.2511
-67.955	-17.5285
-77.4589	137.003
65.7451	-0.356909
-11.5758	185.319
128.628	126.742
-80.2882	25.3753
-196.103	-34.0343
-472.984	175.516
230.163	497.664
-60.7963	36.1552
27.347	100.497
129.683	80.5631
-45.6898	-248.936
-36.7514	-153.654
-451.021	138.122
-144.267	-314.912
2.04057	104.281
72.3913	-57.8206
56.9297	-515.155
-65.0179	9.2162
-517.368	199.395
189.903	167.729
-90.5788	-144.683
73.5996	-15.7493
71.6167	-540.566
-41.8121	174.51
-64.4718	85.4095
134.051	-471.297
335.376	-360.468
507.572	218.566
121.497	43.6004
316.003	-203.53
172.726	-428.237
148.864	-194.164
97.8116	10.4972
9.10392	99.1724
392.91	-521.675
19.663	61.6812
-104.698	-73.5207
-24.6726	145.909
-510.911	271.832
-381.162	-306.747
-143.54	182.844
134.765	-116.603
-51.5008	51.3956
-58.2096	-104.404
-181.805	-150.789
-125.036	-191.004
-139.707	253.25
-265.311	-147.578
136.673	-111.869
184.575	-206.058
38.0285	126.956
-387.429	-435.139
95.1016	-3.02634
111.339	-54.3207
-81.1148	-86.0816
-233.238	114.354
102.507	-15.4518
125.254	-131.68
-370.133	196.215
-105.471	-352.651
-68.1067	26.9653
-60.2239	89.9998
-373.86	125.126
170.133	-463.035
-69.2458	3.64974
201.229	148.259
62.8995	124.974
139.058	201.47
-17.9403	-129.502
-272.12	-321.627
67.543	-50.314
205.57	274.574
173.579	-20.0471
85.5471	6.19557
128.054	-10.8162
57.7214	304.579
213.474	-77.455
337.479	-35.6483
4.21153	68.2662
11.8146	75.6524
-111.023	46.364
142.564	66.0184
-178.165	-144.495
41.4426	128.601
117.434	-112.493
191.917	154.977
-75.1107	8.07986
296.416	150.9
-224.663	319.564
-73.0186	-76.1366
152.472	-335.717
-18.1766	151.289
16.1328	120.96
-177.726	-4.94354
-345.704	334.912
68.5436	-66.4616
20.5151	103.195
69.1119	116.001
-64.6119	-23.8053
-324.839	320.497
-61.8802	-52.8837
221.163	-40.5505
-88.9192	9.53741
278.17	73.4137
-62.2991	186.734
-204.488	-498.72
81.1752	56.4536
-2.67736	128.91
188.139	361.96
192.928	409.124
88.7953	45.2887
37.911	55.6784
31.0185	-99.6792
38.5856	-125.8
26.2077	-71.6866
-69.7351	-373.02
-63.2698	3.91001
-71.6976	-33.3513
8.5176	-136.537
259.351	110.226
2.3676	81.0458
-67.6551	22.5573
-166.311	-23.4317
46.7962	-44.667
36.4427	-54.5831
-50.3372	-160.616
-131.268	-66.5659
157.135	149.347
77.3679	-16.8922
77.0039	29.2986
-118.878	-122.604
-68.5078	58.0316
-31.2902	-112.801
157.877	-54.0424
558.548	172.942
-16.9468	-97.8866
149.552	-4.03983
-245.87	266.749
-92.8852	67.3517
-0.608557	-85.8473
78.2452	-233.421
2.92026	81.744
27.2278	-174.959
-119.701	317.203
-4.8051	-114.406
41.5522	-59.1742
38.2774	-54.6825
221.589	-85.1106
-158.779	297.862
150.559	47.9102
-60.4883	8.47219
-215.833	190.276
44.7394	-51.5502
-85.4555	-88.1726
52.9027	-99.6397
-92.8962	-384.393
8.19624	-139.873
-344.385	8.0727
433.213	301.371
-56.1169	57.6183
496.718	331.725
174.589	-62.7034
157.584	-52.2425
0.403686	99.2144
54.6659	71.2992
58.6962	-77.8849
-270.997	268.854
137.646	101.218
50.2657	-63.2031
305.152	17.4629
-278.032	-190.808
293.623	-336.689
-95.4681	-77.6916
-100.611	-43.3549
161.902	-98.8216
40.2763	68.0638
67.456	-63.2811
429.213	99.4558
-43.5002	-56.9008
197.277	-13.5681
163.834	-161.756
24.4204	-68.7566
194.218	-114.889
117.011	91.2558
151.031	-38.9352
-625.591	-13.7524
-126.285	-74.8346
-64.045	-49.1367
-10.7805	-142.272
-187.333	310.942
-168.51	295.021
-62.9612	-208.025
220.894	-97.5412
73.7659	-279.101
97.1916	133.326
16.8657	-94.7976
-77.4587	133.318
-95.8115	-45.1215
66.1604	11.4469
244.498	24.3499
156.749	-415.542
-2.11708	107.619
193.426	-47.1846
21.4491	-649.469
264.063	-145.323
108.28	-12.1765
228.513	-12.7495
-178.567	532.711
-60.8129	133.209
-112.305	111.354
-99.1813	-78.8304
-231.451	-246.806
-131.254	-73.9014
65.3306	108.814
-332.443	183.878
535.924	161.194
263.627	-146.894
-144.041	186.542
-132.208	-188.719
-220.44	-29.6476
-604.519	276.561
-20.5552	-361.306
169.156	-92.7627
-257.056	102.056
-118.724	-9.30322
46.2246	140.923
151.327	-151.56
193.153	138.643
134.517	-20.8347
-26.8707	77.2593
-132.747	-153.68
-95.3148	-49.8634
-35.1705	-58.6677
109.189	128.463
-55.0022	-96.5095
-190.876	435.303
-126.57	-70.5618
48.0333	91.9411
136.673	87.6209
-110.082	251.854
115.064	-13.6083
-18.8419	68.4438
-195.425	-174.473
5.90372	-102.165
347.704	-31.8753
-165.435	219.565
168.962	-50.1363
23.8348	-98.5202
138.351	-92.3019
-200.754	70.555
-62.2552	58.2185
91.4249	-117.801
253.142	61.4219
-92.1083	46.8281
48.3015	89.4103
673.956	99.5844
35.0594	141
-22.3921	98.5609
157.793	-439.269
143.496	-63.8152
235.184	-343.457
-217.936	42.1001
41.2913	76.2796
129.814	178.733
-301.543	237.431
4.03703	-64.4354
146.859	-169.257
-78.2338	44.1034
-69.8636	0.392827
251.482	-11.5414
155.549	74.3531
111.256	30.8064
-161.368	170.603
-89.531	145.826
170.437	-145.529
-6.77279	-77.1077
37.4463	638.028
-11.5369	205.98
40.9372	50.0968
-86.2686	-46.4216
-68.0294	-140.792
329.187	253.018
-82.397	-13.7624
18.0466	79.4563
147.03	-33.8508
-90.3385	-171
-104.99	25.8075
80.4293	81.1011
-361.213	-177.293
-15.6035	-66.7491
-17.5602	89.6506
60.7075	77.7937
68.1878	122.093
-65.3087	19.5081
-212.264	10.8061
-33.1467	-160.744
44.1338	76.873
40.306	78.8586
-154.482	254.558
48.7204	217.262
211.805	244.357
-401.271	-496.383
-69.0285	11.7844
140.614	43.2361
-138.19	-12.9079
-581.65	299.097
52.8411	37.9438
29.4949	-462.637
91.2962	-105.425
-60.3669	55.2654
-90.5624	-49.3092
-51.7955	-91.945
131.754	127.254
-41.0475	122.809
-140.679	-54.3747
-334.086	-164.235
107.764	46.7989
97.1846	465.161
19.8487	-76.624
-162.218	254.021
-4.07042	62.5857
-55.8058	-38.174
437.739	100.289
-78.1781	97.2429
347.89	65.2729
78.9755	-72.1755
-248.773	122.046
75.064	-5.85318
-93.7282	-135.816
147.046	-32.254
88.7122	13.0378
29.0614	121.672
59.2688	-138.509
-18.2751	97.2933
-84.8416	117.331
-132.578	416.434
-51.4325	-96.9186
-507.675	115.639
-168.267	-47.6285
-74.231	415.007
29.635	92.1082
91.283	398.147
40.9253	-103.92
201.524	124.627
390.361	-110.255
-66.8128	-30.7116
65.5433	190.486
144.015	151.518
302.604	-604.66
-146.435	72.6461
-50.832	-51.1143
-78.5494	-16.4172
-291.443	125.647
1.91957	184.826
323.747	-310.664
-82.6658	64.0842
66.638	-45.231
92.3205	-41.5406
-209.659	-366.102
68.1424	-9.3231
-65.395	-25.1764
66.0502	-405.614
37.4339	-242.516
363.524	244.817
-236.023	-464.066
89.6913	18.8116
27.4783	116.66
188.339	-36.8073
-44.1355	51.0652
1.10314	-60.6182
54.3573	64.0974
-62.9048	17.4364
145.975	-286.871
90.3741	-110.4
-151.337	74.3112
-1.82135	87.4333
-192.571	12.6845
97.288	-45.171
-32.4833	-125.863
300.513	-180.54
62.4156	14.7196
336.5	205.043
236.996	78.2672
-432.455	-68.0277
66.9254	7.09556
-86.9277	113.812
11.3926	-59.4078
6.69072	-97.5597
-105.739	-71.762
8.2326	-65.2928
31.1952	198.78
-39.6006	-261.259
13.2389	59.6553
-44.0354	-57.0775
-66.9279	-95.0754
33.0529	-71.8938
92.7294	101.854
-25.6186	375.275
23.1296	73.155
41.87	-66.6262
-116.676	-57.9075
57.5223	113.127
227.001	-537.379
126.744	6.27662
-7.7344	-79.3367
75.3009	-13.9743
44.3994	110.255
56.289	-36.2474
108.713	32.1956
73.0942	0.300809
-7.18224	87.9605
46.2267	82.4026
281.908	-79.0885
143.492	413.838
182.107	222.149
-62.739	-124.124
-74.3828	91.3023
-309.983	77.7859
-145.511	-68.1152
96.3871	280.222
4.2066	-75.7007
-174.408	-327.608
-16.4155	-149.433
28.5581	-62.1044
-56.3618	-23.113
-91.0173	189.679
19.2371	-80.3742
-25.9903	58.2512
86.4159	46.2032
214.153	-19.2542
0.484815	97.6822
72.0218	0.4245
85.5209	54.3247
387.701	541.32
-264.632	98.6044
118.443	189.012
-381.281	-35.3583
-96.1348	126.749
-334.281	528.111
-82.5008	-140.26
52.068	52.6009
375.175	-75.323
-142.092	-63.4704
26.4177	-65.9811
-149.594	-294.723
40.8917	-83.4062
-88.0639	-25.33
-290.407	181.89
91.935	55.747
-197.046	87.4742
15.2288	-70.6612
257.75	-94.1973
-5.07408	-71.8564
-37.6168	217.133
-145.667	16.5481
-95.0781	3.13263
-46.4373	-115.353
-138.414	-455.927
-41.0934	121.194
54.4074	80.6396
196.566	-225.075
-129.817	-45.5844
53.3685	245.922
-57.1196	72.7442
-36.6864	-64.5113
-455.536	478.794
29.9994	-69.4376
-14.4233	-160.893
12.7203	71.2502
-44.0351	-155.938
-15.8267	160.78
-68.4484	-68.2489
-105.439	4.43694
19.2799	-189.714
184.724	134.647
-144.146	154.874
43.7093	-54.9229
-280.481	-426.689
50.7383	-125.071
9.3565	82.8808
-128.77	304.168
81.4248	55.8893
0.873758	107.557
152.172	83.0427
-393.886	271.606
-85.2154	-105.196
-44.5628	-104.539
227.124	111.456
-130.259	19.2377
-380.011	-65.3034
-85.8408	-90.9475
60.1325	2.35251
-21.2397	-131.739
219.128	369.399
-87.176	-4.85915
-115.107	92.5223
137.394	-197.601
-92.8088	-4.56557
51.0194	-64.1461
36.9302	-155.459
-21.0131	127.54
101.156	75.3926
91.1253	-82.5407
-140.859	-118.075
-237.745	9.38033
-54.9416	-30.5383
-136.419	-61.522
-110.446	-59.7224
10.0153	78.8916
-125.475	-207.2
54.8601	-379.283
-208.624	196.754
-132.48	-16.122
-63.2149	122.87
59.2837	14.3597
-74.1557	61.7187
-446.6	201.108
79.9865	-226.481
0.883291	-138.426
336.767	-45.2468
265.988	228.136
123.233	163.911
12.1365	126.305
61.8592	67.0947
-50.5847	89.3843
-364.685	315.944
-57.7161	50.0814
-104.62	-59.8145
106.446	96.8872
245.378	-77.5575
100.294	-23.0387
-114.408	18.1817
88.7502	136.46
-181.139	7.40608
70.3896	-83.4093
-8.37272	91.4538
278.894	-24.1934
-587.555	318.052
-38.3435	77.6004
250.318	-423.74
82.5189	-41.505
-29.5566	-90.3344
-190.939	204.215
51.9997	114.043
-167.575	-82.1341
-147.086	126.737
29.5428	-55.4832
-174.18	58.3966
197.406	129.009
-358.243	274.546
4.53101	-121.441
171.292	-60.5533
160.479	-134.955
-145.796	42.9071
-68.4334	-3.48004
43.8842	-111.894
-380.103	570.834
17.8394	219.041
-150.165	-75.5002
-337.48	453.999
-65.4019	49.987
126.105	84.0289
-194.258	-192.927
-230.084	-177.798
37.9869	239.568
-31.7478	98.8414
126.812	-95.8875
45.0417	75.3591
75.2766	303.246
409.92	142.578
113.065	-6.89718
-210.273	95.698
460.61	19.5246
-204.427	-64.9726
7.50442	71.5754
-34.6819	135.097
175.879	548.656
-100.371	127.581
-104.244	-476.807
3.40787	-100.862
68.9509	73.3342
27.521	-114.826
66.8329	96.0427
9.52488	-202.969
118.992	-163.056
154.44	97.5805
-123.654	-558.86
24.06	102.042
-84.2707	-58.2766
158.937	486.958
426.82	75.4883
123.367	89.9054
76.0045	39.654
96.5753	-132.176
-37.2009	66.3277
48.4889	-197.941
-42.196	77.0447
-106.304	-135.971
93.1936	168.775
-232.828	56.8741
-408.015	-62.6283
-31.0547	-675.93
-111.465	15.0818
-3.30861	176.087
-52.3198	-36.9568
81.4896	41.4258
-381.311	481.674
55.6188	286.9
138.363	379.324
231.681	-60.0688
-41.3931	-144.388
-47.1216	46.9705
-104.254	-101.004
-67.677	152.107
179.412	-56.3858
-122.739	-184.957
-132.61	211.552
-44.1553	228.157
-93.7919	74.5841
62.4556	-74.4343
30.8484	87.6792
-66.8943	-82.2893
-294.699	23.6746
124.154	11.7397
50.3683	57.5775
-169.057	-145.482
104.967	-60.4045
517.277	-238.906
95.2906	32.3736
-152.221	-295.64
4.06763	89.8934
178.615	48.0814
181.714	-28.4187
59.9322	40.9147
-2.31615	124.834
126.215	-10.9094
-24.8391	56.2115
-44.3294	-159.026
-7.82759	-96.1531
64.7643	-91.1089
86.7151	107.073
-208.489	385.787
-185.527	-116.53
-106.776	-363.18
-62.7422	-158.735
-33.5313	-159.523
86.9774	156.623
197.943	22.4587
15.9554	-165.146
40.3755	-64.5434
-66.7744	89.2173
169.863	-264.779
-109.46	-7.62921
-88.8206	48.2015
-171.598	2.07238
103.305	-2.26913
-193.378	-187.17
74.3887	140.325
18.4637	300.711
-118.209	55.0303
-88.8925	-83.7242
-81.0175	66.8129
-36.8869	162.506
3.20388	-74.0166
-97.1911	119.749
226.543	156.242
143.224	-189.306
69.2817	-269.806
31.6422	-271.223
312.237	22.466
-132.202	22.7459
-38.4157	-114.627
246.571	133.302
57.6321	-24.279
-39.2123	79.7135
-159.171	-222.614
33.3088	144.305
58.513	-51.676
204.657	340.824
-193.235	172.949
183.136	-35.7809
60.758	85.4228
43.2363	-120.366
421.585	67.7907
-440.099	-238.815
-252.059	-132.167
142.182	-24.4402
65.3439	28.2838
68.4715	12.5079
67.4638	116.683
63.4568	236.424
-264.386	0.264447
64.9257	-18.154
-68.6678	0.978001
132.092	312.14
38.5236	-75.3342
52.0869	98.9593
38.1243	-164.569
91.5732	181.537
7.41432	-178.207
38.4279	72.3205
-75.7614	-36.3861
100.336	55.5513
-385.95	55.8768
18.8366	66.1836
288.61	-68.1075
61.7157	-84.7823
-194.155	-65.8281
118.033	-421.198
143.893	-72.2068
87.7332	104.439
72.7332	1.62474
61.5031	-61.9323
-22.7799	-58.2026
5.9144	75.9371
-50.2839	41.2812
27.2715	190.937
-57.7668	21.0734
176.126	11.4428
26.0261	-55.465
-214.583	51.3601
117.788	-169.489
37.2867	49.0582
-321.089	-28.4971
-103.297	-0.79834
605.167	45.322
182.112	-125.359
163.958	-74.8922
117.818	13.7021
-43.2283	42.1259
-48.5603	-48.602
-84.9153	123.537
-66.0227	-314.012
4.70316	97.6812
40.6185	54.2738
16.992	168.738
-97.2937	216.119
83.6049	-7.53852
-83.4674	-99.4916
-83.1717	-125.036
40.0256	-96.3658
565.093	111.854
-197.711	168.34
86.9607	-140.693
-57.3811	69.1531
28.4457	-146.072
-125.746	-65.2121
-96.42	59.5845
10.332	-59.4881
-79.0996	118.151
-464.072	67.8069
104.094	-162.46
105.978	-6.4565
-163.953	27.2499
57.1252	-24.8555
89.1357	-15.7607
-63.1506	97.7426
-85.3527	-65.4689
-116.358	-37.4492
107.276	168.278
-301.238	-122.371
202.677	291.082
59.2179	48.0324
436.904	-352.357
105.111	-11.505
134.636	-122.498
68.5579	-32.5593
72.3494	-127.277
-108.884	-120.95
57.2945	-520.102
-129.827	171.712
50.0542	-63.8461
578.085	223.756
-54.1538	474.576
-216.034	-106.521
-126.443	-41.5992
-242.032	74.4219
-135.536	342.266
32.8439	114.814
66.6744	87.0843
-159.993	-59.8426
-11.364	-83.224
-64.1139	84.1412
60.0723	-36.2921
-38.4299	87.607
74.2472	127.596
-23.0348	71.4096
-133.364	-30.1605
-178.525	-121.2
-182.608	-231.042
83.338	-79.9165
192.324	55.4844
-34.3343	-128.8
141.052	-103.867
2.76899	-102.162
-4.22841	117.449
60.5482	15.4028
-324.043	-129.269
-137.551	-118.693
-32.0038	78.8608
346.975	-178.023
-336.272	-26.7187
-219.244	-27.4299
-36.1939	198.644
97.6549	-13.9921
-84.6	-61.5038
-15.2706	190.574
28.9571	144.938
-110.755	3.27598
90.2143	95.579
118.159	-18.7678
-114.049	200.97
-165.967	443.858
36.1626	116.261
134.088	-228.756
-68.0267	-30.0253
13.304	-80.8159
-58.2069	-26.3337
-78.6135	38.5125
-59.0176	-129.128
327.256	-274.911
135.179	-9.63054
104.594	3.83058
-88.1396	-3.25837
34.5094	56.3733
14.7305	124.687
82.2059	-16.4473
-117.137	80.3315
272.757	316.728
-52.3285	115.726
74.1567	150.617
117.223	29.4974
-21.6534	57.2312
134.789	-88.833
-360.558	62.2328
-42.5092	70.6729
98.4576	-9.13557
96.5329	46.123
-25.1946	216.081
285.106	-13.049
77.6436	-68.8943
46.7944	-81.6447
157.152	-25.0261
83.6484	-91.3899
-59.1221	109.468
56.0126	207.815
-204.366	320.652
-72.6662	-134.339
-117.586	-100.301
-63.8813	-16.721
-154.723	-31.0389
207.147	-164.009
1.59191	-115.911
88.4622	3.91729
68.0616	-4.04839
98.0105	-44.0523
85.0733	32.5184
77.5693	81.8438
107.886	-373.635
-212.75	19.3753
-218.037	-53.2035
-274.883	-104.032
65.0051	-163.41
73.9386	-163.201
-76.1563	-2.61566
68.4829	-112.54
74.2186	147.284
-308.158	167.593
-117.146	-15.5798
194.676	-42.8294
110.811	51.9199
-71.9501	123.837
34.1472	-53.9349
-92.1578	106.819
26.2528	-121.499
26.7104	138.81
-81.6939	-189.217
124.975	264.986
-186.274	-25.1808
5.38153	-105.446
-2.77275	88.0787
-211.49	8.0467
40.1856	-98.8221
216.042	24.6648
81.1686	-200.977
202.686	-45.5963
160.989	70.9896
-44.5229	-47.6579
-28.5904	74.4534
30.7576	143.503
-133.651	-186.692
-58.9769	-215.51
22.2868	-208.018
-285.247	490.506
6.2021	114.635
-76.5418	119.493
9.87448	-89.9578
-326.171	1.65546
61.6169	106.101
161.343	-305.162
105.343	-166.741
141.382	199.724
428.96	180.583
262.304	56.403
537.372	-255.467
-82.8594	34.48
-244.585	-163.684
-25.2312	-105.336
189.842	-14.1891
-24.5186	-134.796
-4.80181	-150.493
-73.4037	5.52708
-47.8993	-114.513
-21.7237	56.9738
-238.365	-128.295
93.135	-81.9662
307.708	-129.234
-100.282	23.2778
60.5567	-60.7151
-17.7675	139.639
152.838	312.215
-265.762	-68.6219
-105.322	137.006
-70.9655	6.21459
63.1453	53.8237
110.493	63.0788
-58.4019	18.2169
-50.0546	66.0785
113.626	-32.1873
